# Blender 4.2.3 LTS
# www.blender.org
mtllib tathouse2.mtl
o building2
v 7.272174 1.705817 -0.031834
v 7.272174 1.813651 0.154938
v 7.272174 1.490151 -0.031834
v 7.272174 1.382319 0.154938
v 7.272174 1.490151 0.341709
v 7.272174 1.705817 0.341709
v 3.528671 0.210662 -3.342468
v 3.473671 0.210662 -3.382423
v 3.405687 0.210662 -3.382423
v 3.350687 0.210662 -3.342468
v 3.329679 0.210662 -3.277809
v 3.350687 0.210662 -3.213154
v 3.405687 0.210662 -3.173195
v 3.473671 0.210662 -3.173195
v 3.528671 0.210662 -3.213154
v 3.549679 0.210662 -3.277809
v 3.528671 0.450368 -3.304562
v 3.473671 0.462045 -3.342777
v 3.405687 0.462045 -3.342777
v 3.350687 0.450368 -3.304562
v 3.329679 0.431474 -3.242729
v 3.350687 0.412580 -3.180893
v 3.405687 0.400902 -3.142677
v 3.473671 0.400902 -3.142677
v 3.528671 0.412580 -3.180893
v 3.549679 0.431474 -3.242729
v 3.528671 0.673943 -3.200706
v 3.473671 0.694982 -3.234680
v 3.405687 0.694982 -3.234680
v 3.350687 0.673943 -3.200706
v 3.329679 0.639903 -3.145737
v 3.350687 0.605863 -3.090767
v 3.405687 0.584825 -3.056793
v 3.473671 0.584825 -3.056793
v 3.528671 0.605863 -3.090767
v 3.549679 0.639903 -3.145737
v 3.528671 0.869287 -3.044933
v 3.473671 0.897543 -3.073189
v 3.405687 0.897543 -3.073189
v 3.350687 0.869287 -3.044933
v 3.329679 0.823568 -2.999214
v 3.350687 0.777849 -2.953499
v 3.405687 0.749594 -2.925240
v 3.473671 0.749594 -2.925240
v 3.528671 0.777849 -2.953499
v 3.549679 0.823568 -2.999214
v 3.528671 1.025059 -2.849590
v 3.473671 1.059031 -2.870628
v 3.405687 1.059031 -2.870628
v 3.350687 1.025059 -2.849590
v 3.329679 0.970088 -2.815552
v 3.350687 0.915118 -2.781509
v 3.405687 0.881144 -2.760471
v 3.473671 0.881144 -2.760471
v 3.528671 0.915118 -2.781509
v 3.549679 0.970088 -2.815552
v 3.528671 1.128914 -2.626015
v 3.473671 1.167129 -2.637691
v 3.405687 1.167129 -2.637691
v 3.350687 1.128914 -2.626015
v 3.329679 1.067080 -2.607121
v 3.350687 1.005246 -2.588226
v 3.405687 0.967030 -2.576550
v 3.473671 0.967030 -2.576550
v 3.528671 1.005246 -2.588226
v 3.549678 1.067080 -2.607121
v 4.724291 0.210662 4.194725
v 4.779291 0.210662 4.234684
v 4.847275 0.210662 4.234684
v 4.902275 0.210662 4.194725
v 4.923283 0.210662 4.130066
v 4.902275 0.210662 4.065414
v 4.847275 0.210662 4.025452
v 4.779291 0.210662 4.025452
v 4.724291 0.210662 4.065414
v 4.703282 0.210662 4.130066
v 4.724291 0.450368 4.156822
v 4.779291 0.462045 4.195038
v 4.847275 0.462045 4.195038
v 4.902275 0.450368 4.156822
v 4.923283 0.431474 4.094986
v 4.902275 0.412580 4.033150
v 4.847275 0.400902 3.994934
v 4.779291 0.400902 3.994934
v 4.724291 0.412580 4.033150
v 4.703282 0.431474 4.094986
v 4.724291 0.673943 4.052963
v 4.779291 0.694982 4.086937
v 4.847275 0.694982 4.086937
v 4.902275 0.673943 4.052963
v 4.923283 0.639903 3.997993
v 4.902275 0.605863 3.943024
v 4.847275 0.584825 3.909050
v 4.779291 0.584825 3.909050
v 4.724291 0.605863 3.943024
v 4.703282 0.639903 3.997993
v 4.724291 0.869287 3.897194
v 4.779291 0.897543 3.925449
v 4.847275 0.897543 3.925449
v 4.902275 0.869287 3.897194
v 4.923283 0.823568 3.851475
v 4.902275 0.777849 3.805756
v 4.847275 0.749594 3.777500
v 4.779291 0.749594 3.777500
v 4.724291 0.777849 3.805756
v 4.703282 0.823568 3.851475
v 4.724291 1.025059 3.701851
v 4.779291 1.059031 3.722885
v 4.847275 1.059031 3.722885
v 4.902275 1.025059 3.701851
v 4.923283 0.970088 3.667809
v 4.902275 0.915118 3.633770
v 4.847275 0.881144 3.612732
v 4.779291 0.881144 3.612732
v 4.724291 0.915118 3.633770
v 4.703282 0.970088 3.667809
v 4.724291 1.128914 3.478271
v 4.779291 1.167129 3.489952
v 4.847275 1.167129 3.489952
v 4.902275 1.128914 3.478271
v 4.923283 1.067080 3.459381
v 4.902275 1.005246 3.440483
v 4.847275 0.967030 3.428810
v 4.779291 0.967030 3.428810
v 4.724291 1.005246 3.440483
v 4.703283 1.067080 3.459381
v 5.582891 7.010738 1.357300
v 5.582891 7.010738 0.757301
v 4.982891 7.010738 1.357300
v 4.982891 7.010738 0.757301
v 6.884068 0.364000 1.290951
v 6.884068 0.838508 1.765461
v 6.884068 0.387224 1.437584
v 6.884068 0.454623 1.569862
v 6.884068 0.559599 1.674839
v 6.884068 0.691877 1.742237
v 6.884068 2.208561 1.765461
v 6.884068 2.683070 1.290951
v 6.884068 2.355193 1.742237
v 6.884068 2.487470 1.674839
v 6.884068 2.592447 1.569862
v 6.884068 2.659846 1.437584
v 6.884068 0.838508 0.640781
v 6.884068 0.364000 1.115288
v 6.884068 0.691877 0.664005
v 6.884068 0.559599 0.731403
v 6.884068 0.454623 0.836380
v 6.884068 0.387224 0.968658
v 6.884068 2.683070 1.115288
v 6.884068 2.208561 0.640781
v 6.884068 2.659846 0.968658
v 6.884068 2.592447 0.836380
v 6.884068 2.487470 0.731403
v 6.884068 2.355193 0.664005
v -1.291714 1.788741 4.218124
v -1.444942 1.941970 4.218124
v -1.339065 1.796240 4.218124
v -1.381780 1.818004 4.218124
v -1.415679 1.851904 4.218124
v -1.437442 1.894619 4.218124
v -1.444942 2.384389 4.218124
v -1.291714 2.537619 4.218124
v -1.437442 2.431740 4.218124
v -1.415679 2.474455 4.218124
v -1.381780 2.508355 4.218124
v -1.339065 2.530119 4.218124
v -1.081758 1.941970 4.218124
v -1.234987 1.788741 4.218124
v -1.089258 1.894619 4.218124
v -1.111020 1.851904 4.218124
v -1.144922 1.818004 4.218124
v -1.187637 1.796240 4.218124
v -1.234987 2.537619 4.218124
v -1.081758 2.384389 4.218124
v -1.187637 2.530119 4.218124
v -1.144922 2.508355 4.218124
v -1.111020 2.474455 4.218124
v -1.089258 2.431740 4.218124
v -0.652184 1.788741 4.218124
v -0.805411 1.941970 4.218124
v -0.699534 1.796240 4.218124
v -0.742250 1.818004 4.218124
v -0.776148 1.851904 4.218124
v -0.797912 1.894619 4.218124
v -0.805411 2.384389 4.218124
v -0.652184 2.537619 4.218124
v -0.797912 2.431740 4.218124
v -0.776148 2.474455 4.218124
v -0.742250 2.508355 4.218124
v -0.699534 2.530119 4.218124
v -0.442228 1.941970 4.218124
v -0.595457 1.788741 4.218124
v -0.449726 1.894619 4.218124
v -0.471490 1.851904 4.218124
v -0.505391 1.818004 4.218124
v -0.548107 1.796240 4.218124
v -0.595457 2.537619 4.218124
v -0.442228 2.384389 4.218124
v -0.548107 2.530119 4.218124
v -0.505391 2.508355 4.218124
v -0.471490 2.474455 4.218124
v -0.449726 2.431740 4.218124
v 1.549209 4.639756 3.930302
v 1.395981 4.792985 3.930302
v 1.501858 4.647256 3.930302
v 1.459143 4.669020 3.930302
v 1.425244 4.702920 3.930302
v 1.403481 4.745635 3.930302
v 1.395981 5.235405 3.930302
v 1.549209 5.388635 3.930302
v 1.403481 5.282756 3.930302
v 1.425244 5.325471 3.930302
v 1.459143 5.359370 3.930302
v 1.501858 5.381134 3.930302
v 1.759165 4.792985 3.930302
v 1.605937 4.639756 3.930302
v 1.751666 4.745635 3.930302
v 1.729903 4.702920 3.930302
v 1.696002 4.669020 3.930302
v 1.653287 4.647256 3.930302
v 1.605937 5.388635 3.930302
v 1.759165 5.235405 3.930302
v 1.653287 5.381134 3.930302
v 1.696002 5.359370 3.930302
v 1.729903 5.325471 3.930302
v 1.751666 5.282756 3.930302
v 0.375267 1.941970 -2.051636
v 0.528495 1.788741 -2.051636
v 0.382767 1.894619 -2.051636
v 0.404530 1.851904 -2.051636
v 0.438429 1.818004 -2.051636
v 0.481144 1.796240 -2.051636
v 0.528495 2.537619 -2.051636
v 0.375267 2.384389 -2.051636
v 0.481144 2.530119 -2.051636
v 0.438429 2.508355 -2.051636
v 0.404530 2.474455 -2.051636
v 0.382767 2.431740 -2.051636
v 0.585223 1.788741 -2.051636
v 0.738451 1.941970 -2.051636
v 0.632573 1.796240 -2.051636
v 0.675288 1.818004 -2.051636
v 0.709189 1.851904 -2.051636
v 0.730952 1.894619 -2.051636
v 0.738451 2.384389 -2.051636
v 0.585223 2.537619 -2.051636
v 0.730952 2.431740 -2.051636
v 0.709189 2.474455 -2.051636
v 0.675288 2.508355 -2.051636
v 0.632573 2.530119 -2.051636
v 1.014799 1.941970 -2.051636
v 1.168025 1.788741 -2.051636
v 1.022297 1.894619 -2.051636
v 1.044061 1.851904 -2.051636
v 1.077959 1.818004 -2.051636
v 1.120675 1.796240 -2.051636
v 1.168025 2.537619 -2.051636
v 1.014799 2.384389 -2.051636
v 1.120675 2.530119 -2.051636
v 1.077959 2.508355 -2.051636
v 1.044061 2.474455 -2.051636
v 1.022297 2.431740 -2.051636
v 1.224753 1.788741 -2.051636
v 1.377982 1.941970 -2.051636
v 1.272103 1.796240 -2.051636
v 1.314819 1.818004 -2.051636
v 1.348719 1.851904 -2.051636
v 1.370483 1.894619 -2.051636
v 1.377982 2.384389 -2.051636
v 1.224753 2.537619 -2.051636
v 1.370483 2.431740 -2.051636
v 1.348719 2.474455 -2.051636
v 1.314819 2.508355 -2.051636
v 1.272103 2.530119 -2.051636
v -4.275741 1.941970 -0.728817
v -4.122514 1.788741 -0.728817
v -4.268242 1.894619 -0.728817
v -4.246479 1.851904 -0.728817
v -4.212580 1.818004 -0.728817
v -4.169865 1.796240 -0.728817
v -4.122514 2.537619 -0.728817
v -4.275741 2.384389 -0.728817
v -4.169865 2.530119 -0.728817
v -4.212580 2.508355 -0.728817
v -4.246479 2.474455 -0.728817
v -4.268242 2.431740 -0.728817
v -4.065786 1.788741 -0.728817
v -3.912558 1.941970 -0.728817
v -4.018436 1.796240 -0.728817
v -3.975721 1.818004 -0.728817
v -3.941820 1.851904 -0.728817
v -3.920057 1.894619 -0.728817
v -3.912558 2.384389 -0.728817
v -4.065786 2.537619 -0.728817
v -3.920057 2.431740 -0.728817
v -3.941820 2.474455 -0.728817
v -3.975721 2.508355 -0.728817
v -4.018436 2.530119 -0.728817
v -5.337524 1.941970 1.081501
v -5.337524 1.788741 0.928272
v -5.337524 1.894619 1.074001
v -5.337524 1.851904 1.052238
v -5.337524 1.818004 1.018341
v -5.337524 1.796240 0.975624
v -5.337524 2.537619 0.928272
v -5.337524 2.384389 1.081501
v -5.337524 2.530119 0.975624
v -5.337524 2.508355 1.018341
v -5.337524 2.474455 1.052238
v -5.337524 2.431740 1.074001
v -5.337524 1.788741 0.871544
v -5.337524 1.941970 0.718315
v -5.337524 1.796240 0.824196
v -5.337524 1.818004 0.781479
v -5.337524 1.851904 0.747581
v -5.337524 1.894619 0.725815
v -5.337524 2.384389 0.718315
v -5.337524 2.537619 0.871544
v -5.337524 2.431740 0.725815
v -5.337524 2.474455 0.747581
v -5.337524 2.508355 0.781479
v -5.337524 2.530119 0.824196
v -4.122514 1.788741 2.895306
v -4.275741 1.941970 2.895306
v -4.169865 1.796240 2.895306
v -4.212580 1.818004 2.895306
v -4.246479 1.851904 2.895306
v -4.268242 1.894619 2.895306
v -4.275741 2.384389 2.895306
v -4.122514 2.537619 2.895306
v -4.268242 2.431740 2.895306
v -4.246479 2.474455 2.895306
v -4.212580 2.508355 2.895306
v -4.169865 2.530119 2.895306
v -3.912558 1.941970 2.895306
v -4.065786 1.788741 2.895306
v -3.920057 1.894619 2.895306
v -3.941820 1.851904 2.895306
v -3.975721 1.818004 2.895306
v -4.018436 1.796240 2.895306
v -4.065786 2.537619 2.895306
v -3.912558 2.384389 2.895306
v -4.018436 2.530119 2.895306
v -3.975721 2.508355 2.895306
v -3.941820 2.474455 2.895306
v -3.920057 2.431740 2.895306
v -2.805737 0.210659 4.706272
v -2.249610 6.480185 4.073334
v -2.805737 0.210659 -2.539783
v -2.249610 6.480185 -1.906845
v 4.286699 0.210659 4.706272
v 3.730572 6.480185 4.073334
v 4.286699 0.210659 -2.539783
v 3.730572 6.480185 -1.906845
v 3.285623 0.210659 3.362991
v 3.730572 5.325892 2.890816
v 3.285623 0.210659 -1.196503
v 3.730572 5.325892 -0.724327
v -1.826486 0.210659 3.368778
v -2.249610 5.325892 2.890816
v -1.826486 0.210659 -1.202290
v -2.249610 5.325892 -0.724327
v 6.847899 5.325892 -0.724327
v 7.292849 0.210659 -1.196503
v 7.292849 0.210659 3.362991
v 6.847899 5.325892 2.890816
v -5.790061 0.210659 -1.202290
v -5.790061 0.210659 3.368778
v -5.366938 5.325892 2.890816
v -5.366938 5.325892 -0.724327
v -1.721825 6.480185 3.545551
v -1.721825 6.480185 -1.379063
v 3.202787 6.480185 3.545551
v 3.202787 6.480185 -1.379063
v -1.721825 7.237611 3.545551
v -1.721825 7.237610 -1.379063
v 3.202787 7.237610 -1.379063
v 3.202787 7.237611 3.545551
v -2.191350 7.237611 4.015076
v -2.191350 7.237610 -1.848587
v 3.672312 7.237610 -1.848587
v 3.672312 7.237611 4.015076
v -2.191350 7.637611 4.015076
v -2.191350 7.637610 -1.848587
v 3.672312 7.637610 -1.848587
v 3.672312 7.637611 4.015076
v 4.533010 5.725893 1.960232
v 4.533010 5.725893 0.206257
v 6.045461 5.725893 0.206257
v 6.045461 5.725893 1.960232
v 4.621636 6.810738 0.285889
v 4.621636 6.810738 1.880600
v 5.956835 6.810738 0.285889
v 5.956835 6.810738 1.880600
v 6.885981 3.974422 0.410912
v 6.885981 4.214537 0.410912
v 6.885981 3.974422 0.170795
v 6.885981 4.214537 0.170795
v 8.823425 3.974422 0.410912
v 8.823425 4.214537 0.410912
v 8.823425 3.974422 0.170795
v 8.823425 4.214537 0.170795
v 8.217772 0.210659 0.399330
v 8.000821 0.210659 0.399330
v 8.217772 0.210659 0.182381
v 8.000821 0.210659 0.182381
v 8.217772 4.117804 0.399330
v 8.000821 4.117804 0.399330
v 8.217772 4.117804 0.182381
v 8.000821 4.117804 0.182381
v 6.885981 3.974422 2.221870
v 6.885981 4.214537 2.221870
v 6.885981 3.974422 1.981754
v 6.885981 4.214537 1.981754
v 8.823425 3.974422 2.221870
v 8.823425 4.214537 2.221870
v 8.823425 3.974422 1.981754
v 8.823425 4.214537 1.981754
v 8.217772 0.210659 2.210285
v 8.000821 0.210659 2.210285
v 8.217772 0.210659 1.993336
v 8.000821 0.210659 1.993336
v 8.217772 4.117804 2.210285
v 8.000821 4.117804 2.210285
v 8.217772 4.117804 1.993336
v 8.000821 4.117804 1.993336
v -4.051023 0.039456 3.769238
v -3.802747 0.667867 3.732307
v -3.451588 -0.208677 3.576851
v -3.203312 0.419733 3.539925
v -3.858822 0.001585 4.416946
v -3.610547 0.629994 4.380016
v -3.259388 -0.246549 4.224560
v -3.011112 0.381861 4.187634
v -3.536395 -0.172488 4.761826
v -3.599356 0.271117 4.516163
v -3.032653 -0.089402 4.782749
v -3.095613 0.354202 4.537090
v -3.594508 0.067116 5.209385
v -3.657468 0.510720 4.963726
v -3.090764 0.150201 5.230312
v -3.153725 0.593806 4.984650
v -4.268671 -0.133855 4.802601
v -4.333448 0.066121 4.436531
v -3.873503 0.014188 4.813549
v -3.938279 0.214165 4.447475
v -4.402240 0.207154 5.012524
v -4.467017 0.407131 4.646450
v -4.007071 0.355197 5.023468
v -4.071847 0.555174 4.657398
v 4.584308 -0.114693 -1.851768
v 4.595653 0.366562 -2.023125
v 5.094544 -0.116958 -1.824348
v 5.105889 0.364297 -1.995705
v 4.559242 0.057021 -1.371162
v 4.570588 0.538277 -1.542515
v 5.069479 0.054756 -1.343742
v 5.080824 0.536012 -1.515095
v 5.534433 -0.231696 -2.072971
v 5.284890 0.063255 -2.407379
v 5.943009 0.073031 -2.109089
v 5.693466 0.367983 -2.443501
v 5.355851 0.053336 -1.688313
v 5.106309 0.348287 -2.022720
v 5.764428 0.358064 -1.724426
v 5.514885 0.653015 -2.058838
v 6.486729 -0.123647 -1.756409
v 6.398800 0.238526 -1.954632
v 6.869736 0.023582 -1.657299
v 6.781808 0.385757 -1.855522
v 6.332559 0.035561 -1.397133
v 6.244631 0.397736 -1.595356
v 6.715567 0.182793 -1.298023
v 6.627640 0.544967 -1.496250
v -6.547621 -0.172488 2.076920
v -6.432484 0.271117 1.850964
v -6.183453 -0.089402 2.425598
v -6.068315 0.354202 2.199642
v -6.887067 0.067116 2.374348
v -6.771930 0.510720 2.148392
v -6.522900 0.150201 2.723030
v -6.407761 0.593806 2.497070
v 7.077786 2.683070 1.115288
v 7.079806 2.659846 0.968658
v 7.077786 2.683070 1.290951
v 7.079806 2.659846 1.437584
v 7.085669 2.592447 0.836380
v 7.085669 2.592447 1.569862
v 7.094800 2.487470 1.674839
v 7.106307 2.355193 0.664005
v 7.119061 2.208561 0.640781
v 7.094800 2.487470 0.731403
v 7.106307 2.355193 1.742237
v 7.119061 2.208561 1.765461
v 7.238236 0.838508 0.640781
v 7.238236 0.838508 1.765461
v 7.250989 0.691877 0.664005
v 7.250989 0.691877 1.742237
v 7.262496 0.559599 0.731403
v 7.271628 0.454623 0.836380
v 7.262496 0.559599 1.674839
v 7.277490 0.387224 0.968658
v 7.271628 0.454623 1.569862
v 7.279511 0.364000 1.115288
v 7.279511 0.364000 1.290951
v 7.277490 0.387224 1.437584
v 1.759165 5.235405 4.199001
v 1.759165 4.792985 4.243668
v 1.751666 5.282756 4.194221
v 1.751666 4.745635 4.248447
v 1.729903 5.325471 4.189911
v 1.696002 5.359370 4.186485
v 1.729903 4.702920 4.252758
v 1.370483 2.431740 -2.315556
v 1.377982 1.941970 -2.364998
v 1.549209 5.388635 4.183533
v 1.653287 5.381134 4.184288
v 1.459143 5.359370 4.186485
v 1.395981 5.235405 4.199001
v 1.696002 4.669020 4.256180
v 1.459143 4.669020 4.256180
v 1.425244 4.702920 4.252758
v 1.605937 5.388635 4.183533
v 1.501858 5.381134 4.184288
v 1.501858 4.647256 4.258377
v 1.549209 4.639756 4.259136
v 1.425244 5.325471 4.189911
v 1.403481 5.282756 4.194221
v 1.395981 4.792985 4.243668
v 1.403481 4.745635 4.248447
v 1.653287 4.647256 4.258377
v 1.605937 4.639756 4.259136
v 1.120675 2.530119 -2.305622
v 1.168025 2.537619 -2.304867
v 1.224753 2.537619 -2.304867
v 1.272103 2.530119 -2.305622
v 1.348719 2.474455 -2.311241
v 1.314819 2.508355 -2.307819
v 1.077959 2.508355 -2.307819
v 1.377982 2.384389 -2.320335
v 1.348719 1.851904 -2.374092
v 1.370483 1.894619 -2.369778
v 1.314819 1.818004 -2.377514
v 1.272103 1.796240 -2.379711
v 1.168025 1.788741 -2.380466
v 1.224753 1.788741 -2.380466
v 1.120675 1.796240 -2.379711
v 1.077959 1.818004 -2.377514
v 0.675288 2.508355 -2.307819
v 0.632573 2.530119 -2.305622
v 0.709189 2.474455 -2.311241
v 1.044061 2.474455 -2.311241
v 1.022297 2.431740 -2.315556
v 0.730952 2.431740 -2.315556
v 1.014799 2.384389 -2.320335
v 0.738451 2.384389 -2.320335
v 0.738451 1.941970 -2.364998
v 1.014799 1.941970 -2.364998
v 1.022297 1.894619 -2.369778
v 0.730952 1.894619 -2.369778
v 1.044061 1.851904 -2.374092
v 0.709189 1.851904 -2.374092
v 0.675288 1.818004 -2.377514
v 0.632573 1.796240 -2.379711
v 0.585223 2.537619 -2.304867
v 0.481144 2.530119 -2.305622
v 0.404530 2.474455 -2.311241
v 0.404530 1.851904 -2.374092
v 0.585223 1.788741 -2.380466
v 0.438429 2.508355 -2.307819
v 0.382767 2.431740 -2.315556
v 0.375267 2.384389 -2.320335
v 0.481144 1.796240 -2.379711
v 0.438429 1.818004 -2.377514
v 0.528495 2.537619 -2.304867
v 0.528495 1.788741 -2.380466
v 0.375267 1.941970 -2.364998
v 0.382767 1.894619 -2.369778
v -0.449726 2.431740 4.482044
v -0.442228 2.384389 4.486824
v -0.442228 1.941970 4.531487
v -0.449726 1.894619 4.536266
v -0.548107 2.530119 4.472111
v -0.652184 2.537619 4.471355
v -0.595457 2.537619 4.471355
v -0.699534 2.530119 4.472111
v -0.776148 2.474455 4.477730
v -0.742250 2.508355 4.474308
v -0.505391 2.508355 4.474308
v -0.471490 2.474455 4.477730
v -0.742250 1.818004 4.544003
v -0.471490 1.851904 4.540581
v -0.548107 1.796240 4.546200
v -0.505391 1.818004 4.544003
v -0.776148 1.851904 4.540581
v -0.652184 1.788741 4.546955
v -0.595457 1.788741 4.546955
v -0.699534 1.796240 4.546200
v -4.246478 2.474455 -0.990761
v -4.268242 2.431740 -0.994751
v -4.275741 2.384389 -0.999176
v -3.941820 1.851904 -1.048931
v -4.246479 1.851904 -1.048931
v -4.268242 1.894619 -1.044941
v -4.122514 1.788741 -1.054832
v -4.065786 1.788741 -1.054832
v -4.275741 1.941970 -1.040516
v -4.212580 1.818004 -1.052101
v -4.122514 2.537619 -0.984859
v -4.065786 2.537619 -0.984859
v -4.169865 2.530119 -0.985561
v -4.212580 2.508355 -0.987595
v -3.920057 2.431740 -0.994751
v -3.941820 2.474455 -0.990761
v -3.912558 1.941970 -1.040516
v -3.912558 2.384389 -0.999176
v -3.975721 1.818004 -1.052101
v -4.018436 1.796240 -1.054134
v -4.169865 1.796240 -1.054134
v -4.018437 2.530119 -0.985561
v -3.975721 2.508355 -0.987595
v -3.920057 1.894619 -1.044941
v -5.606337 2.431740 0.725815
v -5.610254 2.384389 0.718315
v -5.646850 1.941970 0.718315
v -5.650767 1.894619 0.725815
v -5.602804 2.474455 0.747581
v -5.654300 1.851904 0.747581
v -5.600000 2.508355 0.781479
v -5.657104 1.818004 0.781479
v -5.598199 2.530119 0.824196
v -5.597579 2.537619 0.871544
v -5.658904 1.796240 0.824196
v -5.659525 1.788741 0.871544
v -5.597579 2.537619 0.928272
v -5.658904 1.796240 0.975624
v -5.659525 1.788741 0.928272
v -5.598199 2.530119 0.975624
v -5.600000 2.508355 1.018341
v -5.657104 1.818004 1.018341
v -5.602804 2.474455 1.052238
v -5.654300 1.851904 1.052238
v -5.606337 2.431740 1.074001
v -5.610254 2.384389 1.081501
v -5.650767 1.894619 1.074001
v -5.646850 1.941970 1.081501
v -4.212580 2.508355 3.154083
v -4.122514 2.537619 3.151348
v -4.065786 2.537619 3.151348
v -4.018436 2.530119 3.152050
v -4.169865 2.530119 3.152050
v -3.975721 2.508355 3.154083
v -4.246479 2.474455 3.157249
v -3.941820 2.474455 3.157249
v -4.268242 2.431740 3.161240
v -4.275741 2.384389 3.165665
v -3.912558 2.384389 3.165665
v -3.920057 2.431740 3.161240
v -4.275741 1.941970 3.207005
v -3.912558 1.941970 3.207005
v -3.920057 1.894619 3.211430
v -3.941820 1.851904 3.215420
v -4.268242 1.894619 3.211430
v -4.246479 1.851904 3.215420
v -4.212580 1.818004 3.218590
v -3.975721 1.818004 3.218590
v -4.018436 1.796240 3.220623
v -4.065786 1.788741 3.221321
v -4.169865 1.796240 3.220623
v -4.122514 1.788741 3.221321
v -0.797912 1.894619 4.536266
v -0.805411 1.941970 4.531487
v -1.081758 2.384389 4.486824
v -1.089258 2.431740 4.482044
v -1.081758 1.941970 4.531487
v -1.111020 2.474455 4.477730
v -1.089258 1.894619 4.536266
v -1.111020 1.851904 4.540581
v -1.144922 1.818004 4.544003
v -1.187637 1.796240 4.546200
v -1.291714 2.537619 4.471355
v -1.234987 2.537619 4.471355
v -1.234987 1.788741 4.546955
v -1.291714 1.788741 4.546955
v -1.339065 2.530119 4.472111
v -1.187637 2.530119 4.472111
v -1.415679 2.474455 4.477730
v -1.144922 2.508355 4.474308
v -1.381780 2.508355 4.474308
v -0.797912 2.431740 4.482044
v -1.437442 2.431740 4.482044
v -1.444942 2.384389 4.486824
v -0.805411 2.384389 4.486824
v -1.444942 1.941970 4.531487
v -1.437442 1.894619 4.536266
v -1.415679 1.851904 4.540581
v -1.339065 1.796240 4.546200
v -1.381780 1.818004 4.544003
v -2.009298 5.325892 3.169502
v -2.009298 5.325892 -1.003014
v -5.607250 5.325892 3.169502
v -5.607250 5.325892 -1.003014
v -2.009298 5.725893 3.169502
v -2.009298 5.725893 -1.003014
v -5.607250 5.725893 3.169502
v -5.607250 5.725893 -1.003014
v 3.533449 5.325892 3.119415
v 3.533449 5.325892 -0.952927
v 7.045022 5.325892 -0.952927
v 7.045022 5.325892 3.119415
v 3.533449 5.725893 -0.952927
v 3.533449 5.725893 3.119415
v 7.045022 5.725893 -0.952927
v 7.045022 5.725893 3.119415
v 3.473671 1.198298 -2.440075
v 3.405687 1.198298 -2.440075
v 3.350687 1.157668 -2.444176
v 3.528671 1.157668 -2.444176
v 3.329679 1.091914 -2.450817
v 3.549678 1.091914 -2.450817
v 3.350687 1.026139 -2.457455
v 3.528671 1.026139 -2.457455
v 3.473671 0.985475 -2.461559
v 3.405687 0.985475 -2.461559
v 7.162793 1.705817 -0.031834
v 7.153412 1.813651 0.154938
v 7.181551 1.490151 -0.031834
v 7.190932 1.382319 0.154938
v 7.162793 1.705817 0.341709
v 7.181553 1.490151 0.341709
v 5.582891 6.810738 1.357300
v 4.982891 6.810739 1.357300
v 5.582891 6.810738 0.757301
v 4.982891 6.810739 0.757301
v 4.724291 1.161015 3.275269
v 4.779291 1.201581 3.271523
v 4.703283 1.095369 3.281326
v 4.847275 1.201581 3.271523
v 4.902275 1.161015 3.275269
v 4.923283 1.095369 3.281326
v 4.902275 1.029706 3.287388
v 4.779291 0.989114 3.291134
v 4.724291 1.029706 3.287388
v 4.847275 0.989114 3.291134
vn 1.0000 -0.0000 -0.0000
vn -0.0000 1.0000 -0.0000
vn -0.0000 -0.0000 1.0000
vn -0.0000 -1.0000 -0.0000
vn -0.0000 0.9877 -0.1564
vn -0.0000 0.8910 -0.4540
vn -0.0000 0.7071 -0.7071
vn -0.0000 0.4540 -0.8910
vn -0.0000 0.1564 -0.9877
vn -0.0000 -0.9877 0.1564
vn -0.0000 -0.8910 0.4540
vn -0.0000 -0.7071 0.7071
vn -0.0000 -0.4540 0.8910
vn -0.0000 -0.1564 0.9877
vn -1.0000 -0.0000 -0.0000
vn 0.1564 0.9877 -0.0000
vn 0.4540 0.8910 -0.0000
vn 0.7071 0.7071 -0.0000
vn 0.8910 0.4540 -0.0000
vn 0.9877 0.1564 -0.0000
vn -0.1565 -0.9877 -0.0000
vn -0.4540 -0.8910 -0.0000
vn -0.7071 -0.7071 -0.0000
vn -0.8910 -0.4539 -0.0000
vn -0.9877 -0.1564 -0.0000
vn -0.8910 -0.4540 -0.0000
vn -0.0000 -0.0000 -1.0000
vn 0.1564 -0.9877 -0.0000
vn 0.4540 -0.8910 -0.0000
vn 0.7071 -0.7071 -0.0000
vn 0.8910 -0.4540 -0.0000
vn 0.9877 -0.1564 -0.0000
vn -0.1564 0.9877 -0.0000
vn -0.4540 0.8910 -0.0000
vn -0.7071 0.7071 -0.0000
vn -0.8910 0.4540 -0.0000
vn -0.9877 0.1564 -0.0000
vn -0.0000 -0.9877 -0.1564
vn -0.0000 -0.8910 -0.4540
vn -0.0000 -0.7071 -0.7071
vn -0.0000 -0.4540 -0.8910
vn -0.0000 -0.1564 -0.9877
vn -0.0000 0.9877 0.1564
vn -0.0000 0.8910 0.4540
vn -0.0000 0.7071 0.7071
vn -0.0000 0.4540 0.8910
vn -0.0000 0.1564 0.9877
vn -0.1564 -0.9877 -0.0000
vn -0.9961 0.0884 -0.0000
vn -0.0000 0.1004 -0.9949
vn 0.9961 0.0884 -0.0000
vn -0.0000 0.1004 0.9949
vn -0.9962 0.0867 -0.0000
vn 0.9966 0.0824 -0.0000
vn 0.9962 0.0867 -0.0000
vn -0.9966 0.0824 -0.0000
vn -0.0000 0.0919 -0.9958
vn -0.0000 0.0930 -0.9957
vn -0.0000 0.0930 0.9957
vn -0.0000 0.0919 0.9958
vn -0.0000 0.0732 0.9973
vn -0.9967 0.0814 -0.0000
vn -0.0000 0.0732 -0.9973
vn 0.9967 0.0814 -0.0000
vn -0.2840 0.0560 -0.9572
vn 0.8858 -0.3667 -0.2843
vn 0.2840 -0.0560 0.9572
vn -0.8858 0.3667 0.2843
vn -0.3669 -0.9287 0.0546
vn 0.3669 0.9287 -0.0546
vn 0.1137 -0.4689 -0.8759
vn 0.9858 0.1626 0.0410
vn -0.1137 0.4689 0.8759
vn -0.9858 -0.1626 -0.0410
vn 0.1232 -0.8681 0.4808
vn -0.1232 0.8681 -0.4808
vn 0.3164 -0.8078 -0.4973
vn 0.9361 0.3507 0.0259
vn -0.3164 0.8078 0.4973
vn -0.9361 -0.3507 -0.0259
vn 0.1535 -0.4737 0.8672
vn -0.1534 0.4737 -0.8672
vn 0.0491 -0.3361 -0.9406
vn 0.9985 -0.0044 0.0537
vn -0.0491 0.3360 0.9406
vn -0.9985 0.0044 -0.0537
vn -0.0222 -0.9418 0.3353
vn 0.0222 0.9418 -0.3353
vn 0.3495 -0.5578 -0.7528
vn 0.7996 0.5964 -0.0707
vn -0.3495 0.5578 0.7528
vn -0.7996 -0.5964 0.0707
vn 0.4884 -0.5772 0.6545
vn -0.4884 0.5772 -0.6545
vn 0.3652 -0.3772 -0.8511
vn 0.9073 0.3488 0.2348
vn -0.3652 0.3772 0.8511
vn -0.9073 -0.3488 -0.2348
vn 0.2083 -0.8580 0.4696
vn -0.2083 0.8580 -0.4696
vn 0.6643 -0.4689 -0.5821
vn 0.7127 0.1626 0.6824
vn -0.6643 0.4689 0.5821
vn -0.7127 -0.1626 -0.6824
vn -0.2253 -0.8681 0.4422
vn 0.2253 0.8681 -0.4422
vn -0.0000 -0.9877 0.1565
vn 0.1565 -0.9877 -0.0000
vn -0.0000 -0.8660 -0.5000
vn -0.0000 0.8660 -0.5000
vn -0.0000 -0.8660 0.5000
vn -0.0000 0.8660 0.5000
vn 0.7665 -0.6418 -0.0237
vn 0.6066 -0.6770 0.4167
vn 0.2281 -0.6990 0.6778
vn -0.2281 -0.6990 0.6778
vn -0.6066 -0.6770 0.4167
vn -0.7665 -0.6418 -0.0237
vn -0.6314 -0.6075 -0.4820
vn -0.2434 -0.5869 -0.7722
vn 0.2434 -0.5869 -0.7722
vn 0.6314 -0.6075 -0.4820
vn 0.7961 0.1763 -0.5789
vn 0.9996 0.0079 -0.0262
vn 0.3013 0.2777 -0.9122
vn -0.3013 0.2777 -0.9122
vn -0.7961 0.1763 -0.5789
vn -0.9996 0.0079 -0.0262
vn -0.8221 -0.1668 0.5444
vn -0.3173 -0.2783 0.9066
vn 0.3173 -0.2783 0.9066
vn 0.8221 -0.1668 0.5444
vn 0.7979 0.3171 -0.5127
vn 0.9997 0.0122 -0.0199
vn 0.3023 0.5013 -0.8107
vn -0.3023 0.5013 -0.8107
vn -0.7979 0.3171 -0.5127
vn -0.9997 0.0122 -0.0199
vn -0.8201 -0.3015 0.4864
vn -0.3160 -0.5001 0.8062
vn 0.3160 -0.5001 0.8062
vn 0.8201 -0.3015 0.4864
vn 0.7985 0.4257 -0.4257
vn 0.9998 0.0156 -0.0156
vn 0.3026 0.6739 -0.6739
vn -0.3026 0.6739 -0.6739
vn -0.7985 0.4257 -0.4257
vn -0.9998 0.0156 -0.0156
vn -0.8194 -0.4053 0.4053
vn -0.3156 -0.6710 0.6710
vn 0.3156 -0.6710 0.6710
vn 0.8194 -0.4053 0.4053
vn 0.7979 0.5127 -0.3171
vn 0.9997 0.0199 -0.0122
vn 0.3023 0.8107 -0.5013
vn -0.3023 0.8107 -0.5013
vn -0.7979 0.5127 -0.3171
vn -0.9997 0.0199 -0.0122
vn -0.8201 -0.4864 0.3015
vn -0.3160 -0.8062 0.5001
vn 0.3160 -0.8062 0.5001
vn 0.8201 -0.4864 0.3015
vn 0.7962 0.5788 -0.1763
vn 0.9996 0.0262 -0.0079
vn 0.3013 0.9122 -0.2777
vn -0.3013 0.9122 -0.2777
vn -0.7962 0.5788 -0.1763
vn -0.9996 0.0262 -0.0079
vn -0.8222 -0.5443 0.1668
vn -0.3174 -0.9065 0.2783
vn 0.3174 -0.9065 0.2783
vn 0.8221 -0.5443 0.1668
vn 0.5481 0.4945 -0.6746
vn 0.6178 0.1095 -0.7787
vn 0.1961 0.6965 -0.6903
vn -0.1961 0.6964 -0.6903
vn -0.5481 0.4945 -0.6746
vn -0.6178 0.1095 -0.7787
vn -0.6927 -0.3914 -0.6058
vn -0.2872 -0.7651 -0.5762
vn 0.2871 -0.7652 -0.5762
vn 0.6926 -0.3915 -0.6058
vn -0.7665 -0.6418 0.0237
vn -0.6066 -0.6770 -0.4167
vn -0.2281 -0.6990 -0.6778
vn 0.2281 -0.6990 -0.6778
vn 0.6066 -0.6770 -0.4167
vn 0.7665 -0.6418 0.0237
vn 0.6313 -0.6075 0.4821
vn 0.2434 -0.5869 0.7722
vn -0.2434 -0.5869 0.7722
vn -0.6313 -0.6075 0.4821
vn -0.7961 0.1763 0.5789
vn -0.9996 0.0079 0.0262
vn -0.3013 0.2777 0.9122
vn 0.3013 0.2777 0.9122
vn 0.7961 0.1763 0.5789
vn 0.9996 0.0079 0.0262
vn 0.8221 -0.1668 -0.5444
vn 0.3173 -0.2783 -0.9066
vn -0.3173 -0.2783 -0.9066
vn -0.8221 -0.1668 -0.5444
vn -0.7979 0.3171 0.5127
vn -0.9997 0.0122 0.0199
vn -0.3023 0.5013 0.8107
vn 0.3023 0.5013 0.8107
vn 0.7979 0.3171 0.5127
vn 0.9997 0.0122 0.0199
vn 0.8201 -0.3015 -0.4864
vn 0.3159 -0.5001 -0.8063
vn -0.3159 -0.5001 -0.8063
vn -0.8201 -0.3015 -0.4864
vn -0.7985 0.4257 0.4257
vn -0.9998 0.0156 0.0156
vn -0.3026 0.6740 0.6739
vn 0.3026 0.6739 0.6739
vn 0.7985 0.4257 0.4257
vn 0.9998 0.0156 0.0156
vn 0.8194 -0.4053 -0.4053
vn 0.3155 -0.6710 -0.6710
vn -0.3155 -0.6710 -0.6710
vn -0.8194 -0.4053 -0.4053
vn -0.7979 0.5127 0.3171
vn -0.9997 0.0199 0.0122
vn -0.3022 0.8107 0.5013
vn 0.3023 0.8107 0.5013
vn 0.7979 0.5127 0.3171
vn 0.9997 0.0199 0.0122
vn 0.8201 -0.4864 -0.3015
vn 0.3159 -0.8063 -0.5001
vn -0.3159 -0.8062 -0.5001
vn -0.8201 -0.4864 -0.3015
vn -0.7962 0.5788 0.1763
vn -0.9996 0.0262 0.0079
vn -0.3013 0.9122 0.2777
vn 0.3013 0.9122 0.2777
vn 0.7962 0.5788 0.1763
vn 0.9996 0.0262 0.0079
vn 0.8221 -0.5443 -0.1668
vn 0.3173 -0.9066 -0.2783
vn -0.3173 -0.9066 -0.2783
vn -0.8221 -0.5443 -0.1668
vn -0.5502 0.4899 0.6762
vn -0.6179 0.1019 0.7796
vn -0.1971 0.6939 0.6926
vn 0.1972 0.6938 0.6926
vn 0.5503 0.4898 0.6762
vn 0.6179 0.1019 0.7796
vn 0.6901 -0.3971 0.6050
vn 0.2851 -0.7668 0.5750
vn -0.2850 -0.7669 0.5750
vn -0.6901 -0.3971 0.6050
vt 0.968909 0.775743
vt 0.952989 0.784935
vt 0.937070 0.775743
vt 0.937070 0.757361
vt 0.952989 0.748170
vt 0.968909 0.757361
vt 0.968668 0.781190
vt 0.968668 0.752396
vt 0.997462 0.752396
vt 0.997462 0.781190
vt 0.960509 0.984732
vt 0.954646 0.987838
vt 0.954592 0.961906
vt 0.958980 0.962664
vt 0.966906 0.955069
vt 0.966410 0.950786
vt 0.970683 0.950993
vt 0.970014 0.955095
vt 0.963450 0.818481
vt 0.973019 0.818481
vt 0.981007 0.819747
vt 0.988212 0.823418
vt 0.993930 0.829136
vt 0.997602 0.836342
vt 0.998867 0.844329
vt 0.998867 0.918959
vt 0.997602 0.926946
vt 0.993930 0.934152
vt 0.988212 0.939870
vt 0.981007 0.943541
vt 0.973019 0.944806
vt 0.963450 0.944806
vt 0.955463 0.943541
vt 0.948258 0.939870
vt 0.942539 0.934152
vt 0.938868 0.926946
vt 0.937603 0.918959
vt 0.937603 0.844329
vt 0.938868 0.836342
vt 0.942539 0.829136
vt 0.948258 0.823418
vt 0.955463 0.819747
vt 0.969429 0.990300
vt 0.971286 0.990092
vt 0.972951 0.996129
vt 0.970019 0.996632
vt 0.972931 0.989462
vt 0.975802 0.994956
vt 0.974285 0.988340
vt 0.978341 0.993085
vt 0.975287 0.986760
vt 0.980387 0.990606
vt 0.975901 0.984678
vt 0.981873 0.987708
vt 0.964370 0.955485
vt 0.962823 0.951697
vt 0.962198 0.956549
vt 0.959674 0.953427
vt 0.960510 0.958162
vt 0.957188 0.955891
vt 0.959404 0.960215
vt 0.955527 0.958839
vt 0.966512 0.996494
vt 0.967201 0.990196
vt 0.963028 0.980094
vt 0.956495 0.993147
vt 0.948964 0.960575
vt 0.961582 0.969018
vt 0.966503 0.964450
vt 0.963896 0.951210
vt 0.968294 0.950974
vt 0.968141 0.964457
vt 0.938832 0.800383
vt 0.938832 0.795978
vt 0.939425 0.792302
vt 0.941145 0.788985
vt 0.943824 0.786352
vt 0.947201 0.784663
vt 0.950943 0.784080
vt 0.985910 0.784080
vt 0.989652 0.784663
vt 0.993028 0.786352
vt 0.995708 0.788985
vt 0.997428 0.792302
vt 0.998020 0.795978
vt 0.998020 0.800383
vt 0.997428 0.804060
vt 0.995708 0.807377
vt 0.993028 0.810009
vt 0.989652 0.811699
vt 0.985910 0.812281
vt 0.950943 0.812281
vt 0.947201 0.811699
vt 0.943824 0.810009
vt 0.941145 0.807377
vt 0.939425 0.804060
vt 0.970594 0.983003
vt 0.971892 0.982902
vt 0.975279 0.995790
vt 0.972691 0.996324
vt 0.973062 0.982535
vt 0.977839 0.994902
vt 0.974073 0.981800
vt 0.980282 0.993669
vt 0.974909 0.980674
vt 0.982570 0.992126
vt 0.975551 0.979044
vt 0.984696 0.990326
vt 0.965129 0.964630
vt 0.960407 0.952277
vt 0.963896 0.965125
vt 0.957128 0.953798
vt 0.962868 0.966006
vt 0.954111 0.955737
vt 0.962082 0.967278
vt 0.951383 0.958034
vt 0.969469 0.996553
vt 0.969047 0.982913
vt 0.963042 0.980107
vt 0.956531 0.993159
vt 0.948934 0.960618
vt 0.966503 0.964472
vt 0.963879 0.951218
vt 0.968283 0.950980
vt 0.968141 0.964481
vt 0.938832 0.800384
vt 0.938832 0.795979
vt 0.943824 0.786353
vt 0.947200 0.784663
vt 0.950943 0.784081
vt 0.985910 0.784081
vt 0.993028 0.786353
vt 0.995707 0.788985
vt 0.998020 0.795979
vt 0.947200 0.811699
vt 0.970606 0.983007
vt 0.971904 0.982905
vt 0.975300 0.995779
vt 0.972715 0.996314
vt 0.973073 0.982538
vt 0.977857 0.994889
vt 0.974082 0.981802
vt 0.980295 0.993656
vt 0.974916 0.980676
vt 0.982580 0.992112
vt 0.975557 0.979047
vt 0.984703 0.990312
vt 0.965131 0.964651
vt 0.960384 0.952289
vt 0.963897 0.965163
vt 0.957099 0.953814
vt 0.962834 0.966035
vt 0.954076 0.955760
vt 0.962014 0.967313
vt 0.951343 0.958069
vt 0.969496 0.996546
vt 0.969060 0.982919
vt 0.963879 0.951217
vt 0.995707 0.807377
vt 0.975279 0.995791
vt 0.980282 0.993670
vt 0.997982 0.795941
vt 0.997982 0.800331
vt 0.997391 0.803996
vt 0.995676 0.807302
vt 0.993005 0.809926
vt 0.989640 0.811611
vt 0.985910 0.812191
vt 0.951055 0.812191
vt 0.947324 0.811611
vt 0.943959 0.809926
vt 0.941288 0.807302
vt 0.939574 0.803996
vt 0.938983 0.800331
vt 0.938983 0.795941
vt 0.939574 0.792275
vt 0.941288 0.788969
vt 0.943959 0.786345
vt 0.947324 0.784661
vt 0.951055 0.784081
vt 0.989640 0.784661
vt 0.993005 0.786345
vt 0.995676 0.788969
vt 0.997391 0.792275
vt 0.962992 0.980071
vt 0.956420 0.993135
vt 0.948992 0.960538
vt 0.966501 0.964450
vt 0.965127 0.964629
vt 0.960449 0.952282
vt 0.963933 0.951225
vt 0.963923 0.965117
vt 0.957174 0.953790
vt 0.962919 0.965984
vt 0.954159 0.955716
vt 0.962054 0.967282
vt 0.951418 0.958004
vt 0.970556 0.983003
vt 0.971854 0.982907
vt 0.975240 0.995820
vt 0.972644 0.996351
vt 0.973030 0.982521
vt 0.977808 0.994932
vt 0.974080 0.981804
vt 0.980258 0.993699
vt 0.974956 0.980681
vt 0.982554 0.992154
vt 0.975525 0.979081
vt 0.984686 0.990347
vt 0.985910 0.812282
vt 0.962932 0.980064
vt 0.956225 0.993043
vt 0.949067 0.960401
vt 0.966512 0.964514
vt 0.965145 0.964682
vt 0.960498 0.952219
vt 0.963977 0.951180
vt 0.963916 0.965164
vt 0.957226 0.953712
vt 0.962887 0.966031
vt 0.954214 0.955622
vt 0.962095 0.967289
vt 0.951487 0.957889
vt 0.970492 0.983040
vt 0.971795 0.982944
vt 0.975125 0.995809
vt 0.972516 0.996331
vt 0.972971 0.982579
vt 0.977709 0.994931
vt 0.973987 0.981845
vt 0.980177 0.993706
vt 0.974828 0.980720
vt 0.982492 0.992168
vt 0.975477 0.979090
vt 0.984645 0.990369
vt 0.970348 0.983095
vt 0.968792 0.982988
vt 0.967431 0.983213
vt 0.966149 0.983009
vt 0.964916 0.982471
vt 0.963837 0.981492
vt 0.962795 0.980024
vt 0.962113 0.967306
vt 0.962914 0.966067
vt 0.963945 0.965219
vt 0.965168 0.964756
vt 0.966524 0.964604
vt 0.968138 0.964640
vt 0.969562 0.964492
vt 0.970896 0.964789
vt 0.972156 0.965459
vt 0.973207 0.966573
vt 0.974132 0.968173
vt 0.975371 0.979157
vt 0.974714 0.980788
vt 0.973865 0.981913
vt 0.972841 0.982645
vt 0.971658 0.983006
vt 0.955840 0.992889
vt 0.949219 0.960155
vt 0.960632 0.952138
vt 0.964095 0.951140
vt 0.957371 0.953590
vt 0.954366 0.955459
vt 0.951641 0.957685
vt 0.974906 0.995835
vt 0.972266 0.996341
vt 0.977524 0.994972
vt 0.980028 0.993760
vt 0.982381 0.992229
vt 0.984572 0.990431
vt 0.962931 0.980064
vt 0.968355 0.950968
vt 0.968140 0.964533
vt 0.984644 0.990369
vt 0.965145 0.964683
vt 0.960499 0.952219
vt 0.963916 0.965165
vt 0.957226 0.953711
vt 0.969270 0.996541
vt 0.968942 0.982943
vt 0.303955 0.027701
vt 0.330331 0.288974
vt 0.579546 0.288974
vt 0.605923 0.027701
vt 0.307155 0.027701
vt 0.439719 0.118288
vt 0.439719 0.099851
vt 0.440031 0.097878
vt 0.440938 0.096098
vt 0.442351 0.094685
vt 0.444131 0.093778
vt 0.446104 0.093465
vt 0.448469 0.093465
vt 0.450442 0.093778
vt 0.452222 0.094685
vt 0.453635 0.096098
vt 0.454542 0.097878
vt 0.454854 0.099851
vt 0.466370 0.099851
vt 0.466683 0.097878
vt 0.467590 0.096098
vt 0.469003 0.094685
vt 0.470783 0.093778
vt 0.472756 0.093465
vt 0.475120 0.093465
vt 0.477093 0.093778
vt 0.478873 0.094685
vt 0.480286 0.096098
vt 0.481193 0.097878
vt 0.481506 0.099851
vt 0.602722 0.027701
vt 0.405651 0.118288
vt 0.405651 0.099851
vt 0.405339 0.097878
vt 0.404432 0.096098
vt 0.403019 0.094685
vt 0.401239 0.093778
vt 0.399266 0.093465
vt 0.396901 0.093465
vt 0.394928 0.093778
vt 0.393148 0.094685
vt 0.391735 0.096098
vt 0.390828 0.097878
vt 0.390516 0.099851
vt 0.379000 0.099851
vt 0.378687 0.097878
vt 0.377780 0.096098
vt 0.376367 0.094685
vt 0.374587 0.093778
vt 0.372614 0.093465
vt 0.370250 0.093465
vt 0.368277 0.093778
vt 0.366497 0.094685
vt 0.365084 0.096098
vt 0.364177 0.097878
vt 0.363864 0.099851
vt 0.307155 0.309322
vt 0.602722 0.309322
vt 0.602722 0.007354
vt 0.307155 0.007354
vt 0.579546 0.282945
vt 0.330331 0.282945
vt 0.330331 0.033730
vt 0.579546 0.033730
vt 0.931431 0.012314
vt 0.641198 0.012314
vt 0.671255 0.337922
vt 0.901375 0.337922
vt 0.009984 0.009065
vt 0.267204 0.009065
vt 0.240309 0.296907
vt 0.036879 0.296907
vt 0.814480 0.052280
vt 0.813001 0.042946
vt 0.808711 0.034526
vt 0.802029 0.027844
vt 0.793609 0.023554
vt 0.784275 0.022075
vt 0.773093 0.022075
vt 0.763759 0.023554
vt 0.755339 0.027844
vt 0.748657 0.034526
vt 0.744367 0.042946
vt 0.742889 0.052280
vt 0.159129 0.106489
vt 0.159129 0.131384
vt 0.158707 0.134049
vt 0.157482 0.136453
vt 0.155575 0.138360
vt 0.153171 0.139585
vt 0.150507 0.140007
vt 0.147314 0.140007
vt 0.144650 0.139585
vt 0.142246 0.138360
vt 0.140339 0.136453
vt 0.139114 0.134049
vt 0.138692 0.131384
vt 0.226302 0.051272
vt 0.226302 0.254701
vt 0.050886 0.254701
vt 0.050886 0.051272
vt 0.250112 0.281597
vt 0.250112 0.024376
vt 0.027076 0.024376
vt 0.027076 0.281597
vt 0.687099 0.290179
vt 0.687099 0.060058
vt 0.885531 0.060058
vt 0.885531 0.290179
vt 0.658776 0.012314
vt 0.687099 0.337922
vt 0.885531 0.337922
vt 0.913854 0.012314
vt 0.226302 0.296907
vt 0.250112 0.009065
vt 0.132726 0.106489
vt 0.132726 0.131384
vt 0.132304 0.134049
vt 0.131079 0.136453
vt 0.129171 0.138360
vt 0.126768 0.139585
vt 0.124103 0.140007
vt 0.120911 0.140007
vt 0.118247 0.139585
vt 0.115843 0.138360
vt 0.113936 0.136453
vt 0.112711 0.134049
vt 0.112289 0.131384
vt 0.027076 0.009065
vt 0.050886 0.296907
vt 0.132304 0.103824
vt 0.131079 0.101421
vt 0.129171 0.099513
vt 0.126768 0.098288
vt 0.124103 0.097866
vt 0.120911 0.097866
vt 0.118247 0.098288
vt 0.115843 0.099513
vt 0.113936 0.101421
vt 0.112711 0.103824
vt 0.112289 0.106489
vt 0.749016 0.068630
vt 0.750353 0.072809
vt 0.753854 0.075391
vt 0.758182 0.075391
vt 0.761683 0.072809
vt 0.763020 0.068630
vt 0.658776 0.030002
vt 0.658776 0.320235
vt 0.913854 0.320235
vt 0.913854 0.030002
vt 0.230299 0.535487
vt 0.230299 0.328522
vt 0.023334 0.328522
vt 0.023334 0.535487
vt 0.023334 0.416088
vt 0.230299 0.416088
vt 0.230299 0.447920
vt 0.023334 0.447920
vt 0.468040 0.531980
vt 0.468040 0.332624
vt 0.268684 0.332624
vt 0.268684 0.531980
vt 0.268684 0.425503
vt 0.468040 0.425503
vt 0.468040 0.439102
vt 0.268684 0.439102
vt 0.628654 0.873989
vt 0.846323 0.873989
vt 0.846323 0.621559
vt 0.628654 0.621559
vt 0.641408 0.862529
vt 0.641408 0.633020
vt 0.693400 0.708332
vt 0.693400 0.794683
vt 0.779751 0.794684
vt 0.833568 0.862529
vt 0.628654 0.669710
vt 0.846323 0.669710
vt 0.833568 0.825839
vt 0.641408 0.825839
vt 0.863703 0.669710
vt 0.611273 0.669710
vt 0.622734 0.825839
vt 0.852243 0.825839
vt 0.968745 0.435609
vt 0.968745 0.462161
vt 0.942194 0.462161
vt 0.942194 0.435609
vt 0.942194 0.556003
vt 0.968745 0.556003
vt 0.968745 0.341767
vt 0.942194 0.341767
vt 0.942194 0.133674
vt 0.942194 0.347911
vt 0.968745 0.347911
vt 0.968745 0.133674
vt 0.967464 0.280939
vt 0.967464 0.256949
vt 0.943474 0.256949
vt 0.943474 0.280939
vt 0.995616 0.019424
vt 0.971626 0.019424
vt 0.971626 0.451464
vt 0.995616 0.451464
vt 0.943474 0.019424
vt 0.943474 0.451464
vt 0.967464 0.451464
vt 0.967464 0.019424
vt 0.988375 0.696554
vt 0.988375 0.723105
vt 0.961824 0.723105
vt 0.961824 0.696554
vt 0.961824 0.738790
vt 0.988375 0.738790
vt 0.988375 0.524553
vt 0.961824 0.524553
vt 0.961824 0.394618
vt 0.961824 0.608855
vt 0.988375 0.608855
vt 0.988375 0.394618
vt 0.965283 0.650943
vt 0.965283 0.626953
vt 0.941293 0.626953
vt 0.941293 0.650943
vt 0.993435 0.311269
vt 0.969445 0.311269
vt 0.969445 0.743309
vt 0.993435 0.743309
vt 0.941293 0.311269
vt 0.941293 0.743309
vt 0.965283 0.743309
vt 0.965283 0.311269
vt 0.823967 0.368963
vt 0.867669 0.368963
vt 0.867669 0.412665
vt 0.823967 0.412665
vt 0.867669 0.456367
vt 0.823967 0.456367
vt 0.867669 0.500070
vt 0.823967 0.500070
vt 0.867669 0.543772
vt 0.823967 0.543772
vt 0.780264 0.456367
vt 0.780264 0.500070
vt 0.911371 0.456367
vt 0.911371 0.500070
vt 0.981873 0.962068
vt 0.977566 0.962771
vt 0.977133 0.960353
vt 0.980975 0.959076
vt 0.966778 0.996553
vt 0.967664 0.983155
vt 0.969010 0.982908
vt 0.969414 0.996574
vt 0.979438 0.956197
vt 0.976157 0.958298
vt 0.974580 0.956676
vt 0.977116 0.953733
vt 0.958295 0.993083
vt 0.962241 0.988311
vt 0.963646 0.989405
vt 0.960833 0.994882
vt 0.978660 0.953398
vt 0.972221 0.965258
vt 0.970940 0.964587
vt 0.975337 0.952145
vt 0.963926 0.996138
vt 0.966312 0.982996
vt 0.967590 0.983183
vt 0.966621 0.996509
vt 0.981768 0.955082
vt 0.973257 0.966459
vt 0.972194 0.965341
vt 0.978658 0.953429
vt 0.975358 0.952166
vt 0.970922 0.964671
vt 0.969575 0.964378
vt 0.971907 0.951339
vt 0.968443 0.950960
vt 0.963990 0.981514
vt 0.958700 0.994370
vt 0.978658 0.953474
vt 0.975390 0.952196
vt 0.965299 0.990076
vt 0.963646 0.996003
vt 0.958887 0.994449
vt 0.964060 0.981512
vt 0.965153 0.982465
vt 0.961451 0.995484
vt 0.961521 0.995481
vt 0.965192 0.982480
vt 0.966427 0.982988
vt 0.964160 0.996183
vt 0.964192 0.996182
vt 0.966442 0.982997
vt 0.967717 0.983171
vt 0.966869 0.996533
vt 0.964098 0.981531
vt 0.958960 0.994453
vt 0.984645 0.957029
vt 0.974191 0.968064
vt 0.965078 0.982475
vt 0.961273 0.995418
vt 0.969585 0.964296
vt 0.971865 0.951331
vt 0.975335 0.952152
vt 0.970940 0.964610
vt 0.969584 0.964319
vt 0.971859 0.951337
vt 0.974237 0.968011
vt 0.984703 0.956995
vt 0.978661 0.953405
vt 0.972222 0.965280
vt 0.984696 0.956987
vt 0.974234 0.967988
vt 0.973292 0.966378
vt 0.981795 0.955044
vt 0.967702 0.983164
vt 0.966839 0.996537
vt 0.961218 0.986757
vt 0.956209 0.990680
vt 0.981792 0.955083
vt 0.973284 0.966387
vt 0.972215 0.965265
vt 0.978664 0.953435
vt 0.971969 0.951352
vt 0.974115 0.951954
vt 0.972501 0.955539
vt 0.958996 0.994460
vt 0.964113 0.981543
vt 0.965207 0.982490
vt 0.961555 0.995484
vt 0.960919 0.995325
vt 0.963593 0.996072
vt 0.958329 0.994249
vt 0.975349 0.952179
vt 0.970936 0.964593
vt 0.969582 0.964300
vt 0.971886 0.951361
vt 0.973294 0.966400
vt 0.981799 0.955052
vt 0.981794 0.955044
vt 0.984572 0.957090
vt 0.562840 0.064426
vt 0.563715 0.061685
vt 0.566007 0.059991
vt 0.568840 0.059991
vt 0.571132 0.061685
vt 0.572008 0.064426
vt 0.984686 0.957027
vt 0.974223 0.967997
vt 0.968139 0.964458
vt 0.968322 0.950998
vt 0.981732 0.955138
vt 0.963926 0.996137
vt 0.966312 0.996467
vt 0.968986 0.996524
vt 0.966388 0.982977
vt 0.964094 0.996193
vt 0.138692 0.106489
vt 0.139114 0.103824
vt 0.140339 0.101421
vt 0.142246 0.099513
vt 0.144650 0.098288
vt 0.147314 0.097866
vt 0.150507 0.097866
vt 0.153171 0.098288
vt 0.155575 0.099513
vt 0.157482 0.101421
vt 0.158707 0.103824
vt 0.742889 0.139490
vt 0.744367 0.148824
vt 0.748657 0.157244
vt 0.755339 0.163926
vt 0.763759 0.168216
vt 0.773093 0.169695
vt 0.784275 0.169695
vt 0.793609 0.168216
vt 0.802029 0.163926
vt 0.808711 0.157244
vt 0.813001 0.148824
vt 0.814480 0.139490
vt 0.833517 0.093760
vt 0.833517 0.107488
vt 0.845406 0.114352
vt 0.857295 0.107488
vt 0.363864 0.118288
vt 0.364177 0.120261
vt 0.365084 0.122041
vt 0.366497 0.123454
vt 0.368277 0.124361
vt 0.370250 0.124674
vt 0.372614 0.124674
vt 0.374587 0.124361
vt 0.376367 0.123454
vt 0.377780 0.122041
vt 0.378687 0.120261
vt 0.379000 0.118288
vt 0.390516 0.118288
vt 0.390828 0.120261
vt 0.391735 0.122041
vt 0.393148 0.123454
vt 0.394928 0.124361
vt 0.396901 0.124674
vt 0.399266 0.124674
vt 0.401239 0.124361
vt 0.403019 0.123454
vt 0.404432 0.122041
vt 0.405339 0.120261
vt 0.497391 0.237100
vt 0.497391 0.218663
vt 0.497078 0.216689
vt 0.496171 0.214909
vt 0.494758 0.213497
vt 0.492978 0.212590
vt 0.491005 0.212277
vt 0.488641 0.212277
vt 0.486668 0.212590
vt 0.484888 0.213497
vt 0.483475 0.214909
vt 0.482568 0.216689
vt 0.482256 0.218663
vt 0.482256 0.237100
vt 0.482568 0.239073
vt 0.483475 0.240853
vt 0.484888 0.242266
vt 0.486668 0.243173
vt 0.488641 0.243485
vt 0.491005 0.243485
vt 0.492978 0.243173
vt 0.494758 0.242266
vt 0.496171 0.240853
vt 0.497078 0.239073
vt 0.243431 0.629022
vt 0.034465 0.629022
vt 0.034465 0.871358
vt 0.243431 0.871358
vt 0.034465 0.738574
vt 0.243431 0.738574
vt 0.243431 0.761806
vt 0.034465 0.761806
vt 0.260116 0.738574
vt 0.017780 0.738574
vt 0.017780 0.761806
vt 0.260116 0.761806
vt 0.510099 0.628222
vt 0.299754 0.628222
vt 0.299754 0.872157
vt 0.510099 0.872157
vt 0.299754 0.762170
vt 0.510099 0.762170
vt 0.510099 0.738209
vt 0.299754 0.738209
vt 0.526894 0.762170
vt 0.282959 0.762170
vt 0.282959 0.738209
vt 0.526894 0.738209
vt 0.571132 0.067166
vt 0.568840 0.068860
vt 0.566007 0.068860
vt 0.563715 0.067166
vt 0.481505 0.118288
vt 0.481193 0.120261
vt 0.480286 0.122041
vt 0.478873 0.123454
vt 0.477093 0.124361
vt 0.475120 0.124674
vt 0.472756 0.124674
vt 0.470783 0.124361
vt 0.469003 0.123454
vt 0.467590 0.122041
vt 0.466683 0.120261
vt 0.466370 0.118288
vt 0.454854 0.118288
vt 0.454542 0.120261
vt 0.453635 0.122041
vt 0.452222 0.123454
vt 0.450442 0.124361
vt 0.448469 0.124674
vt 0.446104 0.124674
vt 0.444131 0.124361
vt 0.442351 0.123454
vt 0.440938 0.122041
vt 0.440031 0.120261
vt 0.982973 0.765460
vt 0.993851 0.766006
vt 0.993851 0.760728
vt 0.982973 0.760728
vt 0.993251 0.766793
vt 0.972996 0.766793
vt 0.972996 0.773544
vt 0.993251 0.773544
vt 0.993851 0.767099
vt 0.982973 0.767645
vt 0.982427 0.760272
vt 0.983520 0.772833
vt 0.977149 0.772833
vt 0.977149 0.760272
vt 0.972095 0.766006
vt 0.972095 0.760728
vt 0.972095 0.767099
vt 0.857295 0.093760
vt 0.845406 0.086896
vt 0.779751 0.708332
vt 0.833568 0.633020
vt 0.761683 0.064450
vt 0.758182 0.061867
vt 0.753855 0.061867
vt 0.750353 0.064450
vt 0.975852 0.708101
vt 0.981013 0.715205
vt 0.981013 0.723986
vt 0.975852 0.731090
vt 0.967501 0.733803
vt 0.959150 0.731089
vt 0.953989 0.723986
vt 0.953989 0.715205
vt 0.959150 0.708101
vt 0.967501 0.705388
vt 0.936887 0.750443
vt 0.947091 0.750443
vt 0.947091 0.744320
vt 0.936887 0.744320
vt 0.936887 0.695338
vt 0.947091 0.695338
vt 0.947091 0.689215
vt 0.936887 0.689215
vt 0.936887 0.701461
vt 0.947091 0.701461
vt 0.936887 0.707583
vt 0.947091 0.707583
vt 0.936887 0.713706
vt 0.947091 0.713706
vt 0.936887 0.719829
vt 0.947091 0.719829
vt 0.936887 0.725952
vt 0.947091 0.725952
vt 0.936887 0.732074
vt 0.947091 0.732074
vt 0.936887 0.738197
vt 0.947091 0.738197
vt 0.957296 0.750443
vt 0.957296 0.744320
vt 0.957296 0.695338
vt 0.957296 0.689215
vt 0.957296 0.701461
vt 0.957296 0.707583
vt 0.957296 0.713706
vt 0.957296 0.719829
vt 0.957296 0.725952
vt 0.957296 0.732074
vt 0.957296 0.738197
vt 0.967500 0.750443
vt 0.967500 0.744320
vt 0.967500 0.695338
vt 0.967500 0.689215
vt 0.967500 0.701461
vt 0.967500 0.707583
vt 0.967500 0.713706
vt 0.967500 0.719829
vt 0.967500 0.725952
vt 0.967500 0.732074
vt 0.967500 0.738197
vt 0.977705 0.750443
vt 0.977705 0.744320
vt 0.977705 0.695338
vt 0.977705 0.689215
vt 0.977705 0.701461
vt 0.977705 0.707583
vt 0.977705 0.713706
vt 0.977705 0.719829
vt 0.977705 0.725952
vt 0.977705 0.732074
vt 0.977705 0.738197
vt 0.987909 0.750443
vt 0.987909 0.744320
vt 0.987909 0.695338
vt 0.987909 0.689215
vt 0.987909 0.701461
vt 0.987909 0.707583
vt 0.987909 0.713706
vt 0.987909 0.719829
vt 0.987909 0.725952
vt 0.987909 0.732074
vt 0.987909 0.738197
vt 0.995650 0.750443
vt 0.995133 0.744320
vt 0.995931 0.695338
vt 0.995650 0.689215
vt 0.995931 0.701461
vt 0.995650 0.707584
vt 0.995133 0.713706
vt 0.994518 0.719829
vt 0.994077 0.725952
vt 0.994077 0.732074
vt 0.994518 0.738197
vt 0.996552 0.750443
vt 0.996138 0.744320
vt 0.996776 0.695338
vt 0.996552 0.689215
vt 0.996776 0.701461
vt 0.996552 0.707583
vt 0.996138 0.713706
vt 0.995647 0.719829
vt 0.995294 0.725952
vt 0.995294 0.732074
vt 0.995647 0.738197
s 0
usemtl building.001
f 1/1/1 2/2/1 6/3/1 5/4/1 4/5/1 3/6/1
f 130/7/2 129/8/2 127/9/2 128/10/2
f 143/11/3 495/12/3 491/13/3 150/14/3
f 149/15/4 483/16/4 485/17/4 138/18/4
f 131/19/1 144/20/1 148/21/1 147/22/1 146/23/1 145/24/1 143/25/1 150/26/1 154/27/1 153/28/1 152/29/1 151/30/1 149/31/1 138/32/1 142/33/1 141/34/1 140/35/1 139/36/1 137/37/1 132/38/1 136/39/1 135/40/1 134/41/1 133/42/1
f 131/43/5 133/44/5 506/45/5 505/46/5
f 133/44/6 134/47/6 503/48/6 506/45/6
f 134/47/7 135/49/7 501/50/7 503/48/7
f 135/49/8 136/51/8 498/52/8 501/50/8
f 136/51/9 132/53/9 496/54/9 498/52/9
f 149/15/10 151/55/10 484/56/10 483/16/10
f 151/55/11 152/57/11 487/58/11 484/56/11
f 152/57/12 153/59/12 492/60/12 487/58/12
f 153/59/13 154/61/13 490/62/13 492/60/13
f 154/61/14 150/14/14 491/13/14 490/62/14
f 131/43/2 505/46/2 504/63/2 144/64/2
f 167/65/15 675/66/15 673/67/15 174/68/15
f 173/69/4 682/70/4 681/71/4 162/72/4
f 155/73/3 168/74/3 172/75/3 171/76/3 170/77/3 169/78/3 167/79/3 174/80/3 178/81/3 177/82/3 176/83/3 175/84/3 173/85/3 162/86/3 166/87/3 165/88/3 164/89/3 163/90/3 161/91/3 156/92/3 160/93/3 159/94/3 158/95/3 157/96/3
f 155/97/16 157/98/16 697/99/16 684/100/16
f 157/98/17 158/101/17 698/102/17 697/99/17
f 158/101/18 159/103/18 696/104/18 698/102/18
f 159/103/19 160/105/19 695/106/19 696/104/19
f 160/105/20 156/107/20 694/108/20 695/106/20
f 173/69/21 175/109/21 686/110/21 682/70/21
f 175/109/22 176/111/22 688/112/22 686/110/22
f 176/111/23 177/113/23 676/114/23 688/112/23
f 177/113/24 178/115/24 674/116/24 676/114/24
f 178/115/25 174/68/25 673/67/25 674/116/25
f 155/97/2 684/100/2 683/117/2 168/118/2
f 191/119/15 581/120/15 580/121/15 198/68/15
f 197/122/4 585/123/4 584/124/4 186/125/4
f 179/126/3 192/127/3 196/75/3 195/76/3 194/128/3 193/129/3 191/130/3 198/131/3 202/81/3 201/132/3 200/133/3 199/84/3 197/134/3 186/86/3 190/87/3 189/88/3 188/89/3 187/90/3 185/91/3 180/92/3 184/135/3 183/94/3 182/95/3 181/96/3
f 179/136/16 181/137/16 598/138/16 596/139/16
f 181/137/17 182/140/17 591/141/17 598/138/17
f 182/140/18 183/142/18 595/143/18 591/141/18
f 183/142/19 184/144/19 671/145/19 595/143/19
f 184/144/20 180/146/20 672/147/20 671/145/20
f 197/122/21 199/148/21 583/149/21 585/123/21
f 199/148/22 200/150/22 589/151/22 583/149/22
f 200/150/23 201/152/23 590/153/23 589/151/23
f 201/152/26 202/154/26 579/155/26 590/153/26
f 202/154/25 198/68/25 580/121/25 579/155/25
f 179/136/2 596/139/2 597/156/2 192/157/2
f 215/119/15 508/120/15 507/121/15 222/68/15
f 221/122/4 523/158/4 516/124/4 210/125/4
f 203/85/3 216/86/3 220/87/3 219/159/3 218/89/3 217/90/3 215/91/3 222/92/3 226/135/3 225/94/3 224/95/3 223/96/3 221/73/3 210/74/3 214/75/3 213/76/3 212/128/3 211/129/3 209/130/3 204/131/3 208/81/3 207/132/3 206/83/3 205/84/3
f 203/136/16 205/137/16 525/138/16 526/139/16
f 205/137/17 206/140/17 521/141/17 525/138/17
f 206/140/18 207/142/18 522/143/18 521/141/18
f 207/142/19 208/144/19 530/145/19 522/143/19
f 208/144/20 204/146/20 529/147/20 530/145/20
f 221/122/21 223/148/21 517/149/21 523/158/21
f 223/148/22 224/150/22 512/151/22 517/149/22
f 224/150/23 225/152/23 511/153/23 512/151/23
f 225/152/26 226/154/26 509/155/26 511/153/26
f 226/154/25 222/68/25 507/121/25 509/155/25
f 203/136/2 526/139/2 532/156/2 216/157/2
f 239/85/27 228/86/27 232/87/27 231/88/27 230/89/27 229/90/27 227/91/27 234/92/27 238/135/27 237/94/27 236/95/27 235/96/27 233/73/27 246/74/27 250/75/27 249/76/27 248/128/27 247/129/27 245/79/27 240/80/27 244/81/27 243/132/27 242/83/27 241/84/27
f 227/65/1 577/66/1 572/67/1 234/68/1
f 233/69/28 235/109/28 566/110/28 575/70/28
f 235/109/29 236/111/29 570/112/29 566/110/29
f 236/111/30 237/113/30 567/114/30 570/112/30
f 237/113/31 238/115/31 571/116/31 567/114/31
f 238/115/32 234/68/32 572/67/32 571/116/32
f 239/97/33 241/98/33 564/160/33 569/100/33
f 241/98/34 242/101/34 563/102/34 564/160/34
f 242/101/35 243/103/35 562/161/35 563/102/35
f 243/103/36 244/105/36 560/106/36 562/161/36
f 244/105/37 240/107/37 557/108/37 560/106/37
f 263/162/27 252/163/27 256/164/27 255/165/27 254/166/27 253/167/27 251/168/27 258/169/27 262/170/27 261/171/27 260/172/27 259/173/27 257/174/27 270/175/27 274/176/27 273/177/27 272/178/27 271/179/27 269/180/27 264/131/27 268/181/27 267/182/27 266/183/27 265/184/27
f 251/185/1 558/186/1 555/187/1 258/68/1
f 257/188/28 259/189/28 533/190/28 534/191/28
f 259/189/29 260/192/29 539/193/29 533/190/29
f 260/192/30 261/194/30 552/195/30 539/193/30
f 261/194/31 262/196/31 553/197/31 552/195/31
f 262/196/32 258/68/32 555/187/32 553/197/32
f 263/198/33 265/199/33 544/200/33 546/201/33
f 265/199/34 266/202/34 543/203/34 544/200/34
f 266/202/35 267/204/35 541/205/35 543/203/35
f 267/204/36 268/206/36 542/207/36 541/205/36
f 268/206/37 264/208/37 515/209/37 542/207/37
f 287/73/27 276/127/27 280/75/27 279/76/27 278/128/27 277/129/27 275/130/27 282/131/27 286/81/27 285/132/27 284/133/27 283/84/27 281/134/27 294/86/27 298/87/27 297/88/27 296/89/27 295/90/27 293/210/27 288/92/27 292/135/27 291/94/27 290/95/27 289/96/27
f 275/211/1 607/212/1 601/213/1 282/68/1
f 281/214/28 283/215/28 611/216/28 609/217/28
f 283/215/29 284/218/29 612/219/29 611/216/29
f 284/218/30 285/220/30 599/221/30 612/219/30
f 285/220/31 286/222/31 600/223/31 599/221/31
f 286/222/32 282/68/32 601/213/32 600/223/32
f 287/224/33 289/225/33 618/226/33 606/227/33
f 289/225/34 290/228/34 617/229/34 618/226/34
f 290/228/35 291/230/35 602/231/35 617/229/35
f 291/230/36 292/232/36 622/233/36 602/231/36
f 292/232/37 288/234/37 615/235/37 622/233/37
f 311/236/15 300/237/15 304/238/15 303/239/15 302/240/15 301/241/15 299/242/15 306/68/15 310/243/15 309/244/15 308/245/15 307/246/15 305/247/15 318/248/15 322/249/15 321/250/15 320/251/15 319/252/15 317/253/15 312/254/15 316/255/15 315/256/15 314/257/15 313/258/15
f 299/242/27 646/259/27 644/260/27 306/68/27
f 305/247/38 307/246/38 638/261/38 635/262/38
f 307/246/39 308/245/39 639/263/39 638/261/39
f 308/245/40 309/244/40 641/264/40 639/263/40
f 309/244/41 310/243/41 643/265/41 641/264/41
f 310/243/42 306/68/42 644/260/42 643/265/42
f 311/236/43 313/258/43 633/266/43 634/267/43
f 313/258/44 314/257/44 630/268/44 633/266/44
f 314/257/45 315/256/45 628/269/45 630/268/45
f 315/256/46 316/255/46 626/270/46 628/269/46
f 316/255/47 312/254/47 625/271/47 626/270/47
f 335/272/15 660/212/15 657/213/15 342/68/15
f 341/214/4 649/217/4 648/273/4 330/274/4
f 323/126/3 336/127/3 340/75/3 339/76/3 338/128/3 337/129/3 335/130/3 342/131/3 346/81/3 345/132/3 344/133/3 343/84/3 341/134/3 330/86/3 334/87/3 333/88/3 332/89/3 331/90/3 329/91/3 324/92/3 328/135/3 327/94/3 326/95/3 325/96/3
f 323/224/16 325/225/16 669/226/16 670/227/16
f 325/225/17 326/228/17 665/229/17 669/226/17
f 326/228/18 327/230/18 664/231/18 665/229/18
f 327/230/19 328/232/19 663/233/19 664/231/19
f 328/232/20 324/234/20 659/275/20 663/233/20
f 341/214/48 343/276/48 650/277/48 649/217/48
f 343/276/22 344/278/22 652/279/22 650/277/22
f 344/278/23 345/220/23 654/221/23 652/279/23
f 345/220/26 346/222/26 658/223/26 654/221/26
f 346/222/25 342/68/25 657/213/25 658/223/25
f 323/224/2 670/227/2 668/280/2 336/281/2
f 347/282/49 348/283/49 350/284/49 349/285/49
f 349/286/50 572/287/50 577/288/50 578/289/50 568/290/50 574/291/50 573/292/50 576/293/50 569/294/50 564/295/50 563/296/50 562/297/50 560/298/50 557/299/50 558/300/50 559/301/50 561/302/50 548/303/50 547/304/50 545/305/50 546/306/50 544/307/50 543/308/50 541/309/50 542/310/50 515/311/50 353/312/50
f 353/285/51 354/284/51 352/283/51 351/282/51
f 351/312/52 580/313/52 581/314/52 582/315/52 592/316/52 594/317/52 593/318/52 597/319/52 596/320/52 598/321/52 591/322/52 595/323/52 671/324/52 672/325/52 675/326/52 677/327/52 678/328/52 679/329/52 680/330/52 683/331/52 684/332/52 697/333/52 698/334/52 696/335/52 695/336/52 694/337/52 347/286/52
f 349/338/4 353/339/4 351/340/4 347/341/4
f 354/342/2 350/343/2 348/344/2 352/345/2
f 357/346/53 355/347/53 356/348/53 358/349/53
f 359/350/54 361/351/54 362/352/54 360/353/54
f 364/346/55 495/354/55 497/355/55 499/356/55 500/357/55 502/358/55 504/359/55 505/360/55 506/361/55 503/362/55 501/363/55 498/364/55 496/365/55 365/347/55
f 368/350/56 369/353/56 370/352/56 367/351/56 625/366/56 624/367/56 623/368/56 627/369/56 629/370/56 631/371/56 632/372/56 635/373/56 638/374/56 639/375/56 641/376/56 643/377/56 644/378/56
f 360/379/2 362/380/2 370/381/2 369/382/2
f 361/383/4 359/384/4 368/385/4 367/386/4
f 358/387/2 356/388/2 366/389/2 363/390/2
f 357/391/57 358/392/57 363/393/57 364/394/57
f 362/395/58 361/396/58 615/397/58 616/398/58 613/399/58 614/400/58 621/401/58 620/402/58 610/403/58 609/404/58 611/405/58 612/406/58 599/407/58 600/408/58 601/409/58 367/410/58 370/411/58
f 359/396/59 657/398/59 660/397/59 661/412/59 662/413/59 666/414/59 667/415/59 668/416/59 670/417/59 669/418/59 665/419/59 664/420/59 663/421/59 659/422/59 368/410/59
f 356/392/60 355/391/60 737/423/60 735/424/60 736/425/60 738/426/60 739/427/60 740/428/60 365/394/60 366/393/60
f 355/429/4 357/430/4 364/431/4 365/432/4
f 374/433/4 373/434/4 371/435/4 372/436/4
f 377/433/2 376/436/2 375/435/2 378/434/2
f 373/437/1 374/438/1 377/439/1 378/440/1
f 372/438/15 371/437/15 375/440/15 376/439/15
f 371/437/3 373/438/3 378/439/3 375/440/3
f 374/438/27 372/437/27 376/440/27 377/439/27
f 381/441/4 382/442/4 379/443/4 380/444/4
f 385/441/2 384/444/2 383/443/2 386/442/2
f 379/445/3 382/446/3 386/447/3 383/448/3
f 381/446/27 380/445/27 384/448/27 385/447/27
f 382/445/1 381/446/1 385/447/1 386/448/1
f 380/446/15 379/445/15 383/448/15 384/447/15
f 388/449/4 389/450/4 390/451/4 387/452/4
f 391/453/2 392/454/2 732/455/2 734/456/2 733/457/2 393/458/2
f 387/459/61 390/460/61 394/461/61 392/462/61
f 388/463/62 387/464/62 392/465/62 391/466/62
f 389/460/63 388/459/63 391/462/63 393/461/63
f 390/464/64 389/463/64 393/466/64 394/465/64
f 395/467/15 396/468/15 398/469/15 397/470/15
f 397/471/27 398/472/27 402/473/27 401/474/27
f 401/470/1 402/469/1 400/468/1 399/467/1
f 399/474/3 400/473/3 396/472/3 395/471/3
f 397/475/4 401/476/4 399/477/4 395/478/4
f 402/476/2 398/475/2 396/478/2 400/477/2
f 403/479/4 404/480/4 406/481/4 405/482/4
f 405/483/27 406/484/27 410/485/27 409/486/27
f 409/482/2 410/481/2 408/480/2 407/479/2
f 407/486/3 408/485/3 404/484/3 403/483/3
f 405/487/1 409/488/1 407/489/1 403/490/1
f 410/488/15 406/487/15 404/490/15 408/489/15
f 411/491/15 412/492/15 414/493/15 413/494/15
f 413/495/27 414/496/27 418/497/27 417/498/27
f 417/494/1 418/493/1 416/492/1 415/491/1
f 415/498/3 416/497/3 412/496/3 411/495/3
f 413/499/4 417/500/4 415/501/4 411/502/4
f 418/500/2 414/499/2 412/502/2 416/501/2
f 419/503/4 420/504/4 422/505/4 421/506/4
f 421/507/27 422/508/27 426/509/27 425/510/27
f 425/506/2 426/505/2 424/504/2 423/503/2
f 423/510/3 424/509/3 420/508/3 419/507/3
f 421/511/1 425/512/1 423/513/1 419/514/1
f 426/512/15 422/511/15 420/514/15 424/513/15
f 427/515/65 428/516/65 430/517/65 429/518/65
f 429/518/66 430/517/66 434/519/66 433/520/66
f 433/520/67 434/519/67 432/521/67 431/522/67
f 431/522/68 432/521/68 428/523/68 427/524/68
f 429/525/69 433/520/69 431/522/69 427/526/69
f 434/519/70 430/527/70 428/528/70 432/521/70
f 435/515/71 436/516/71 438/517/71 437/518/71
f 437/518/72 438/517/72 442/519/72 441/520/72
f 441/520/73 442/519/73 440/521/73 439/522/73
f 439/522/74 440/521/74 436/523/74 435/524/74
f 437/525/75 441/520/75 439/522/75 435/526/75
f 442/519/76 438/527/76 436/528/76 440/521/76
f 443/515/77 444/516/77 446/517/77 445/518/77
f 445/518/78 446/517/78 450/519/78 449/520/78
f 449/520/79 450/519/79 448/521/79 447/522/79
f 447/522/80 448/521/80 444/523/80 443/524/80
f 445/525/81 449/520/81 447/522/81 443/526/81
f 450/519/82 446/527/82 444/528/82 448/521/82
f 451/515/83 452/516/83 454/517/83 453/518/83
f 453/518/84 454/517/84 458/519/84 457/520/84
f 457/520/85 458/519/85 456/521/85 455/522/85
f 455/522/86 456/521/86 452/523/86 451/524/86
f 453/525/87 457/520/87 455/522/87 451/526/87
f 458/519/88 454/527/88 452/528/88 456/521/88
f 459/515/89 460/516/89 462/517/89 461/518/89
f 461/518/90 462/517/90 466/519/90 465/520/90
f 465/520/91 466/519/91 464/521/91 463/522/91
f 463/522/92 464/521/92 460/523/92 459/524/92
f 461/525/93 465/520/93 463/522/93 459/526/93
f 466/519/94 462/527/94 460/528/94 464/521/94
f 467/515/95 468/516/95 470/517/95 469/518/95
f 469/518/96 470/517/96 474/519/96 473/520/96
f 473/520/97 474/519/97 472/521/97 471/522/97
f 471/522/98 472/521/98 468/523/98 467/524/98
f 469/525/99 473/520/99 471/522/99 467/526/99
f 474/519/100 470/527/100 468/528/100 472/521/100
f 475/515/101 476/516/101 478/517/101 477/518/101
f 477/518/102 478/517/102 482/519/102 481/520/102
f 481/520/103 482/519/103 480/521/103 479/522/103
f 479/522/104 480/521/104 476/523/104 475/524/104
f 477/525/105 481/520/105 479/522/105 475/526/105
f 482/519/106 478/527/106 476/528/106 480/521/106
f 367/410/58 601/409/58 607/422/58 604/421/58 603/420/58 608/419/58 619/418/58 605/417/58 606/416/58 618/415/58 617/414/58 602/413/58 622/412/58 615/397/58 361/396/58
f 494/529/42 137/530/42 139/531/42 493/532/42
f 547/533/16 256/534/16 252/535/16 545/536/16
f 489/537/40 140/538/40 141/539/40 488/540/40
f 499/541/45 146/542/45 147/543/45 500/544/45
f 687/545/30 164/546/30 165/547/30 689/548/30
f 666/549/34 339/550/34 340/551/34 667/552/34
f 655/553/31 331/554/31 332/555/31 653/556/31
f 647/557/29 333/558/29 334/559/29 651/560/29
f 605/280/2 276/281/2 287/224/2 606/227/2
f 632/561/4 318/248/4 305/247/4 635/262/4
f 660/212/37 335/272/37 337/562/37 661/563/37
f 627/564/12 320/251/12 321/250/12 629/565/12
f 493/532/41 139/531/41 140/538/41 489/537/41
f 500/544/44 147/543/44 148/566/44 502/567/44
f 559/568/19 253/569/19 254/570/19 561/571/19
f 678/572/35 170/573/35 171/574/35 679/575/35
f 594/576/34 195/577/34 196/578/34 593/579/34
f 577/66/20 227/65/20 229/580/20 578/581/20
f 656/582/32 329/583/32 331/554/32 655/553/32
f 368/410/59 659/422/59 656/409/59 655/408/59 653/407/59 647/406/59 651/405/59 648/404/59 649/403/59 650/402/59 652/401/59 654/400/59 658/399/59 657/398/59 359/396/59 360/395/59 369/411/59
f 661/563/36 337/562/36 338/584/36 662/585/36
f 549/548/22 249/547/22 250/586/22 550/587/22
f 518/588/29 213/589/29 214/590/29 524/591/29
f 529/147/1 204/146/1 209/592/1 519/593/1
f 565/71/4 246/72/4 233/69/4 575/70/4
f 587/594/30 188/595/30 189/589/30 588/588/30
f 556/596/25 245/597/25 247/598/25 554/599/25
f 545/536/2 252/535/2 263/198/2 546/201/2
f 574/575/17 231/574/17 232/600/17 573/601/17
f 554/599/26 247/598/26 248/546/26 551/545/26
f 495/12/47 143/11/47 145/602/47 497/603/47
f 514/604/26 271/605/26 272/606/26 537/607/26
f 631/608/107 322/249/107 318/248/107 632/561/107
f 568/572/18 230/573/18 231/574/18 574/575/18
f 486/609/38 142/610/38 138/18/38 485/17/38
f 510/611/36 217/612/36 218/613/36 513/614/36
f 642/615/7 302/240/7 303/239/7 640/616/7
f 694/108/1 156/107/1 161/597/1 692/596/1
f 558/186/20 251/185/20 253/569/20 559/568/20
f 646/259/9 299/242/9 301/241/9 645/617/9
f 645/617/8 301/241/8 302/240/8 642/615/8
f 667/552/33 340/551/33 336/281/33 668/280/33
f 680/601/33 172/600/33 168/118/33 683/117/33
f 538/618/22 273/619/22 274/620/22 536/621/22
f 508/120/37 215/119/37 217/612/37 510/611/37
f 496/54/27 132/53/27 137/530/27 494/529/27
f 614/556/23 296/555/23 297/558/23 621/557/23
f 620/560/48 298/559/48 294/274/48 610/273/48
f 693/593/32 185/592/32 187/622/32 690/623/32
f 692/596/32 161/597/32 163/598/32 691/624/32
f 581/120/37 191/119/37 193/612/37 582/611/37
f 550/587/21 250/586/21 246/72/21 565/71/21
f 685/587/28 166/586/28 162/72/28 681/71/28
f 520/576/34 219/577/34 220/578/34 531/579/34
f 625/271/3 312/254/3 317/253/3 624/625/3
f 576/117/2 228/118/2 239/97/2 569/100/2
f 653/556/30 332/555/30 333/558/30 647/557/30
f 619/552/16 280/551/16 276/281/16 605/280/16
f 573/601/16 232/600/16 228/118/16 576/117/16
f 513/614/35 218/613/35 219/577/35 520/576/35
f 662/585/35 338/584/35 339/550/35 666/549/35
f 353/312/50 515/311/50 719/626/50 721/627/50 724/628/50 723/629/50 722/630/50 720/631/50
f 679/575/34 171/574/34 172/600/34 680/601/34
f 610/273/4 294/274/4 281/214/4 609/217/4
f 586/591/28 190/590/28 186/125/28 584/124/28
f 531/579/33 220/578/33 216/157/33 532/156/33
f 540/632/25 269/633/25 271/605/25 514/604/25
f 691/624/31 163/598/31 164/546/31 687/545/31
f 528/623/31 211/622/31 212/595/31 527/594/31
f 582/611/36 193/612/36 194/613/36 592/614/36
f 536/621/21 274/620/21 270/634/21 535/635/21
f 592/614/35 194/613/35 195/577/35 594/576/35
f 537/607/23 272/606/23 273/619/23 538/618/23
f 524/591/108 214/590/108 210/125/108 516/124/108
f 623/636/13 319/252/13 320/251/13 627/564/13
f 651/560/28 334/559/28 330/274/28 648/273/28
f 672/147/1 180/146/1 185/592/1 693/593/1
f 604/563/19 277/562/19 278/584/19 603/585/19
f 675/66/37 167/65/37 169/580/37 677/581/37
f 690/623/31 187/622/31 188/595/31 587/594/31
f 578/581/19 229/580/19 230/573/19 568/572/19
f 593/579/33 196/578/33 192/157/33 597/156/33
f 608/637/17 279/550/17 280/551/17 619/552/17
f 636/638/5 304/238/5 300/237/5 637/639/5
f 535/635/4 270/634/4 257/188/4 534/191/4
f 677/581/36 169/580/36 170/573/36 678/572/36
f 519/593/32 209/592/32 211/622/32 528/623/32
f 629/565/11 321/250/11 322/249/11 631/608/11
f 515/209/15 264/208/15 269/633/15 540/632/15
f 561/571/18 254/570/18 255/640/18 548/641/18
f 548/641/17 255/640/17 256/534/17 547/533/17
f 644/378/56 646/642/56 645/643/56 642/644/56 640/645/56 636/646/56 637/647/56 634/648/56 633/649/56 630/650/56 628/651/56 626/652/56 625/366/56 367/351/56 368/350/56
f 551/545/23 248/546/23 249/547/23 549/548/23
f 588/588/29 189/589/29 190/590/29 586/591/29
f 488/540/39 141/539/39 142/610/39 486/609/39
f 527/594/30 212/595/30 213/589/30 518/588/30
f 613/553/26 295/554/26 296/555/26 614/556/26
f 640/616/6 303/239/6 304/238/6 636/638/6
f 637/639/2 300/237/2 311/236/2 634/267/2
f 616/582/25 293/583/25 295/554/25 613/553/25
f 603/585/18 278/584/18 279/550/18 608/637/18
f 659/275/1 324/234/1 329/583/1 656/582/1
f 557/108/15 240/107/15 245/597/15 556/596/15
f 365/347/55 496/365/55 494/653/55 493/654/55 489/655/55 488/656/55 486/657/55 485/658/55 483/659/55 484/660/55 487/661/55 492/662/55 490/663/55 491/664/55 495/354/55 730/665/55 729/666/55 726/667/55 725/668/55 364/346/55 363/349/55 366/348/55
f 615/235/15 288/234/15 293/583/15 616/582/15
f 502/567/43 148/566/43 144/64/43 504/63/43
f 621/557/22 297/558/22 298/559/22 620/560/22
f 497/603/46 145/602/46 146/542/46 499/541/46
f 607/212/20 275/211/20 277/562/20 604/563/20
f 624/625/14 317/253/14 319/252/14 623/636/14
f 689/548/29 165/547/29 166/586/29 685/587/29
f 347/286/52 694/337/52 692/669/52 691/670/52 687/671/52 689/672/52 685/673/52 681/674/52 682/675/52 686/676/52 688/677/52 676/678/52 674/679/52 673/680/52 675/326/52 672/325/52 693/681/52 690/682/52 587/683/52 588/684/52 586/685/52 584/686/52 585/687/52 583/688/52 589/689/52 590/690/52 579/691/52 580/313/52 351/312/52 352/284/52 507/692/52 508/693/52 510/694/52 513/695/52 520/696/52 531/697/52 532/698/52 526/699/52 525/700/52 521/701/52 522/702/52 530/703/52 529/704/52 348/283/52
f 348/283/52 529/704/52 519/705/52 528/706/52 527/707/52 518/708/52 524/709/52 516/710/52 523/711/52 517/712/52 512/713/52 511/714/52 509/715/52 507/692/52 352/284/52
f 699/716/4 701/717/4 702/718/4 700/719/4
f 703/716/2 704/719/2 706/718/2 705/717/2
f 701/720/3 699/721/3 703/722/3 705/723/3
f 702/724/15 701/725/15 705/726/15 706/727/15
f 700/721/27 702/720/27 706/723/27 704/722/27
f 699/725/1 700/724/1 704/727/1 703/726/1
f 708/728/4 709/729/4 710/730/4 707/731/4
f 711/728/2 712/731/2 714/730/2 713/729/2
f 709/732/27 708/733/27 711/734/27 713/735/27
f 710/736/1 709/737/1 713/738/1 714/739/1
f 707/733/3 710/732/3 714/735/3 712/734/3
f 708/737/15 707/736/15 712/739/15 711/738/15
f 718/740/50 715/741/50 716/742/50 717/743/50 719/626/50 515/311/50 540/744/50 514/745/50 537/746/50 538/747/50 536/748/50 535/749/50 534/750/50 533/751/50 539/752/50 552/753/50 553/754/50 555/755/50 558/300/50 557/299/50 556/756/50 554/757/50 551/758/50 549/759/50 550/760/50 565/761/50 575/762/50 566/763/50 570/764/50 567/765/50 571/766/50 572/287/50 349/286/50 350/283/50 354/284/50 353/312/50 720/631/50
f 728/767/109 727/768/109 3/769/109 4/770/109
f 733/771/27 734/772/27 130/773/27 128/774/27
f 725/775/110 726/776/110 2/770/110 1/769/110
f 727/777/27 725/778/27 1/779/27 3/780/27
f 731/772/1 733/771/1 128/774/1 127/773/1
f 730/781/111 728/767/111 4/770/111 5/782/111
f 726/776/112 729/783/112 6/782/112 2/770/112
f 734/771/15 732/772/15 129/773/15 130/774/15
f 364/346/55 725/668/55 727/784/55 728/785/55 730/665/55 495/354/55
f 393/458/2 733/457/2 731/786/2 732/455/2 392/454/2 394/787/2
f 729/778/3 730/777/3 5/780/3 6/779/3
f 365/394/60 740/428/60 741/788/60 744/789/60 742/790/60 743/791/60 737/423/60 355/391/60
f 732/772/3 731/771/3 127/774/3 129/773/3
s 1
f 16/792/113 15/793/114 14/794/115 13/795/116 12/796/117 11/797/118 10/798/119 9/799/120 8/800/121 7/801/122
f 7/802/122 17/803/123 26/804/124 16/805/113
f 8/806/121 18/807/125 17/808/123 7/809/122
f 9/810/120 19/811/126 18/807/125 8/806/121
f 10/812/119 20/813/127 19/811/126 9/810/120
f 11/814/118 21/815/128 20/813/127 10/812/119
f 12/816/117 22/817/129 21/815/128 11/814/118
f 13/818/116 23/819/130 22/817/129 12/816/117
f 14/820/115 24/821/131 23/819/130 13/818/116
f 15/822/114 25/823/132 24/821/131 14/820/115
f 16/805/113 26/804/124 25/823/132 15/822/114
f 17/803/123 27/824/133 36/825/134 26/804/124
f 18/807/125 28/826/135 27/827/133 17/808/123
f 19/811/126 29/828/136 28/826/135 18/807/125
f 20/813/127 30/829/137 29/828/136 19/811/126
f 21/815/128 31/830/138 30/829/137 20/813/127
f 22/817/129 32/831/139 31/830/138 21/815/128
f 23/819/130 33/832/140 32/831/139 22/817/129
f 24/821/131 34/833/141 33/832/140 23/819/130
f 25/823/132 35/834/142 34/833/141 24/821/131
f 26/804/124 36/825/134 35/834/142 25/823/132
f 27/824/133 37/835/143 46/836/144 36/825/134
f 28/826/135 38/837/145 37/838/143 27/827/133
f 29/828/136 39/839/146 38/837/145 28/826/135
f 30/829/137 40/840/147 39/839/146 29/828/136
f 31/830/138 41/841/148 40/840/147 30/829/137
f 32/831/139 42/842/149 41/841/148 31/830/138
f 33/832/140 43/843/150 42/842/149 32/831/139
f 34/833/141 44/844/151 43/843/150 33/832/140
f 35/834/142 45/845/152 44/844/151 34/833/141
f 36/825/134 46/836/144 45/845/152 35/834/142
f 37/835/143 47/846/153 56/847/154 46/836/144
f 38/837/145 48/848/155 47/849/153 37/838/143
f 39/839/146 49/850/156 48/848/155 38/837/145
f 40/840/147 50/851/157 49/850/156 39/839/146
f 41/841/148 51/852/158 50/851/157 40/840/147
f 42/842/149 52/853/159 51/852/158 41/841/148
f 43/843/150 53/854/160 52/853/159 42/842/149
f 44/844/151 54/855/161 53/854/160 43/843/150
f 45/845/152 55/856/162 54/855/161 44/844/151
f 46/836/144 56/847/154 55/856/162 45/845/152
f 47/846/153 57/857/163 66/858/164 56/847/154
f 48/848/155 58/859/165 57/860/163 47/849/153
f 49/850/156 59/861/166 58/859/165 48/848/155
f 50/851/157 60/862/167 59/861/166 49/850/156
f 51/852/158 61/863/168 60/862/167 50/851/157
f 52/853/159 62/864/169 61/863/168 51/852/158
f 53/854/160 63/865/170 62/864/169 52/853/159
f 54/855/161 64/866/171 63/865/170 53/854/160
f 55/856/162 65/867/172 64/866/171 54/855/161
f 56/847/154 66/858/164 65/867/172 55/856/162
f 57/857/163 718/868/173 720/869/174 66/858/164
f 58/859/165 715/870/175 718/871/173 57/860/163
f 59/861/166 716/872/176 715/870/175 58/859/165
f 60/862/167 717/873/177 716/872/176 59/861/166
f 61/863/168 719/874/178 717/873/177 60/862/167
f 62/864/169 721/875/179 719/874/178 61/863/168
f 63/865/170 724/876/180 721/875/179 62/864/169
f 64/866/171 723/877/181 724/876/180 63/865/170
f 65/867/172 722/878/182 723/877/181 64/866/171
f 66/858/164 720/869/174 722/878/182 65/867/172
f 76/792/183 75/793/184 74/794/185 73/795/186 72/796/187 71/797/188 70/798/189 69/799/190 68/800/191 67/801/192
f 67/802/192 77/803/193 86/804/194 76/805/183
f 68/806/191 78/807/195 77/808/193 67/809/192
f 69/810/190 79/811/196 78/807/195 68/806/191
f 70/812/189 80/813/197 79/811/196 69/810/190
f 71/814/188 81/815/198 80/813/197 70/812/189
f 72/816/187 82/817/199 81/815/198 71/814/188
f 73/818/186 83/819/200 82/817/199 72/816/187
f 74/820/185 84/821/201 83/819/200 73/818/186
f 75/822/184 85/823/202 84/821/201 74/820/185
f 76/805/183 86/804/194 85/823/202 75/822/184
f 77/803/193 87/824/203 96/825/204 86/804/194
f 78/807/195 88/826/205 87/827/203 77/808/193
f 79/811/196 89/828/206 88/826/205 78/807/195
f 80/813/197 90/829/207 89/828/206 79/811/196
f 81/815/198 91/830/208 90/829/207 80/813/197
f 82/817/199 92/831/209 91/830/208 81/815/198
f 83/819/200 93/832/210 92/831/209 82/817/199
f 84/821/201 94/833/211 93/832/210 83/819/200
f 85/823/202 95/834/212 94/833/211 84/821/201
f 86/804/194 96/825/204 95/834/212 85/823/202
f 87/824/203 97/835/213 106/836/214 96/825/204
f 88/826/205 98/837/215 97/838/213 87/827/203
f 89/828/206 99/839/216 98/837/215 88/826/205
f 90/829/207 100/840/217 99/839/216 89/828/206
f 91/830/208 101/841/218 100/840/217 90/829/207
f 92/831/209 102/842/219 101/841/218 91/830/208
f 93/832/210 103/843/220 102/842/219 92/831/209
f 94/833/211 104/844/221 103/843/220 93/832/210
f 95/834/212 105/845/222 104/844/221 94/833/211
f 96/825/204 106/836/214 105/845/222 95/834/212
f 97/835/213 107/846/223 116/847/224 106/836/214
f 98/837/215 108/848/225 107/849/223 97/838/213
f 99/839/216 109/850/226 108/848/225 98/837/215
f 100/840/217 110/851/227 109/850/226 99/839/216
f 101/841/218 111/852/228 110/851/227 100/840/217
f 102/842/219 112/853/229 111/852/228 101/841/218
f 103/843/220 113/854/230 112/853/229 102/842/219
f 104/844/221 114/855/231 113/854/230 103/843/220
f 105/845/222 115/856/232 114/855/231 104/844/221
f 106/836/214 116/847/224 115/856/232 105/845/222
f 107/846/223 117/857/233 126/858/234 116/847/224
f 108/848/225 118/859/235 117/860/233 107/849/223
f 109/850/226 119/861/236 118/859/235 108/848/225
f 110/851/227 120/862/237 119/861/236 109/850/226
f 111/852/228 121/863/238 120/862/237 110/851/227
f 112/853/229 122/864/239 121/863/238 111/852/228
f 113/854/230 123/865/240 122/864/239 112/853/229
f 114/855/231 124/866/241 123/865/240 113/854/230
f 115/856/232 125/867/242 124/866/241 114/855/231
f 116/847/224 126/858/234 125/867/242 115/856/232
f 117/857/233 735/879/243 737/880/244 126/858/234
f 118/859/235 736/881/245 735/882/243 117/860/233
f 119/861/236 738/883/246 736/881/245 118/859/235
f 120/862/237 739/884/247 738/883/246 119/861/236
f 121/863/238 740/885/248 739/884/247 120/862/237
f 122/864/239 741/886/249 740/885/248 121/863/238
f 123/865/240 744/887/250 741/886/249 122/864/239
f 124/866/241 742/888/251 744/887/250 123/865/240
f 125/867/242 743/889/252 742/888/251 124/866/241
f 126/858/234 737/880/244 743/889/252 125/867/242
