# Blender 4.2.3 LTS
# www.blender.org
mtllib tathouse`.mtl
o building6
v 5.764969 1.417850 2.040020
v 5.578194 1.525684 2.040020
v 5.764969 1.202184 2.040020
v 5.578194 1.094352 2.040020
v 5.391418 1.202184 2.040020
v 5.391418 1.417850 2.040020
v -4.914536 0.036592 -1.318287
v -4.969528 0.036592 -1.358246
v -5.037514 0.036592 -1.358246
v -5.092514 0.036592 -1.318287
v -5.113525 0.036592 -1.253628
v -5.092514 0.036592 -1.188972
v -5.037514 0.036592 -1.149014
v -4.969528 0.036592 -1.149014
v -4.914528 0.036592 -1.188972
v -4.893524 0.036592 -1.253628
v -4.914536 0.276298 -1.280380
v -4.969528 0.287975 -1.318596
v -5.037514 0.287975 -1.318596
v -5.092514 0.276298 -1.280380
v -5.113525 0.257404 -1.218548
v -5.092514 0.238510 -1.156712
v -5.037514 0.226833 -1.118496
v -4.969528 0.226833 -1.118496
v -4.914528 0.238510 -1.156712
v -4.893524 0.257404 -1.218548
v -4.914528 0.499873 -1.176525
v -4.969528 0.520912 -1.210499
v -5.037514 0.520912 -1.210499
v -5.092514 0.499873 -1.176525
v -5.113525 0.465833 -1.121555
v -5.092514 0.431793 -1.066586
v -5.037514 0.410755 -1.032612
v -4.969528 0.410755 -1.032612
v -4.914528 0.431793 -1.066586
v -4.893524 0.465833 -1.121555
v -4.914528 0.695218 -1.020752
v -4.969528 0.723474 -1.049011
v -5.037514 0.723474 -1.049011
v -5.092514 0.695218 -1.020752
v -5.113525 0.649499 -0.975037
v -5.092514 0.603780 -0.929317
v -5.037514 0.575525 -0.901058
v -4.969528 0.575525 -0.901058
v -4.914528 0.603780 -0.929317
v -4.893524 0.649499 -0.975037
v -4.914528 0.850990 -0.825409
v -4.969528 0.884961 -0.846447
v -5.037514 0.884961 -0.846447
v -5.092514 0.850990 -0.825409
v -5.113525 0.796018 -0.791370
v -5.092514 0.741048 -0.757328
v -5.037514 0.707074 -0.736290
v -4.969528 0.707074 -0.736290
v -4.914528 0.741048 -0.757328
v -4.893524 0.796018 -0.791370
v -4.914528 0.954845 -0.601833
v -4.969528 0.993060 -0.613510
v -5.037514 0.993060 -0.613510
v -5.092514 0.954845 -0.601833
v -5.113525 0.893010 -0.582939
v -5.092514 0.831176 -0.564045
v -5.037514 0.792960 -0.552368
v -4.969528 0.792960 -0.552368
v -4.914528 0.831176 -0.564045
v -4.893524 0.893010 -0.582939
v -5.466171 0.036592 -1.318287
v -5.521172 0.036592 -1.358246
v -5.589157 0.036592 -1.358246
v -5.644157 0.036592 -1.318287
v -5.665161 0.036592 -1.253628
v -5.644157 0.036592 -1.188972
v -5.589157 0.036592 -1.149014
v -5.521172 0.036592 -1.149014
v -5.466171 0.036592 -1.188972
v -5.445160 0.036592 -1.253628
v -5.466171 0.276298 -1.280380
v -5.521172 0.287975 -1.318596
v -5.589157 0.287975 -1.318596
v -5.644157 0.276298 -1.280380
v -5.665161 0.257404 -1.218548
v -5.644157 0.238510 -1.156712
v -5.589157 0.226833 -1.118496
v -5.521172 0.226833 -1.118496
v -5.466171 0.238510 -1.156712
v -5.445160 0.257404 -1.218548
v -5.466171 0.499873 -1.176525
v -5.521172 0.520912 -1.210499
v -5.589157 0.520912 -1.210499
v -5.644157 0.499873 -1.176525
v -5.665161 0.465833 -1.121555
v -5.644157 0.431793 -1.066586
v -5.589157 0.410755 -1.032612
v -5.521172 0.410755 -1.032612
v -5.466171 0.431793 -1.066586
v -5.445160 0.465833 -1.121555
v -5.466171 0.695218 -1.020752
v -5.521172 0.723474 -1.049011
v -5.589157 0.723474 -1.049011
v -5.644157 0.695218 -1.020752
v -5.665161 0.649499 -0.975037
v -5.644157 0.603780 -0.929317
v -5.589157 0.575525 -0.901058
v -5.521172 0.575525 -0.901058
v -5.466171 0.603780 -0.929317
v -5.445160 0.649499 -0.975037
v -5.466171 0.850990 -0.825409
v -5.521172 0.884961 -0.846447
v -5.589157 0.884961 -0.846447
v -5.644157 0.850990 -0.825409
v -5.665161 0.796018 -0.791370
v -5.644157 0.741048 -0.757328
v -5.589157 0.707074 -0.736290
v -5.521172 0.707074 -0.736290
v -5.466171 0.741048 -0.757328
v -5.445160 0.796018 -0.791370
v -5.466171 0.954845 -0.601833
v -5.521172 0.993060 -0.613510
v -5.589157 0.993060 -0.613510
v -5.644157 0.954845 -0.601833
v -5.665161 0.893010 -0.582939
v -5.644157 0.831176 -0.564045
v -5.589157 0.792960 -0.552368
v -5.521172 0.792960 -0.552368
v -5.466171 0.831176 -0.564045
v -5.445168 0.893010 -0.582939
v -0.277687 5.518123 -1.713493
v -0.277687 5.518123 -2.313492
v -0.877686 5.518123 -1.713493
v -0.877686 5.518123 -2.313492
v -4.147400 0.036591 -3.104446
v -4.187363 0.036591 -3.049446
v -4.187363 0.036591 -2.981461
v -4.147400 0.036591 -2.926460
v -4.082748 0.036591 -2.905453
v -4.018089 0.036591 -2.926460
v -3.978134 0.036591 -2.981461
v -3.978134 0.036591 -3.049446
v -4.018089 0.036591 -3.104446
v -4.082748 0.036591 -3.125454
v -4.109497 0.276297 -3.104446
v -4.147713 0.287974 -3.049446
v -4.147713 0.287974 -2.981461
v -4.109497 0.276297 -2.926460
v -4.047668 0.257403 -2.905453
v -3.985832 0.238509 -2.926460
v -3.947617 0.226832 -2.981461
v -3.947617 0.226832 -3.049446
v -3.985832 0.238509 -3.104446
v -4.047668 0.257403 -3.125454
v -4.005646 0.499872 -3.104446
v -4.039612 0.520911 -3.049446
v -4.039612 0.520911 -2.981461
v -4.005646 0.499872 -2.926460
v -3.950668 0.465832 -2.905453
v -3.895706 0.431792 -2.926460
v -3.861732 0.410754 -2.981461
v -3.861732 0.410754 -3.049446
v -3.895706 0.431792 -3.104446
v -3.950668 0.465832 -3.125454
v -3.849869 0.695217 -3.104446
v -3.878128 0.723473 -3.049446
v -3.878128 0.723473 -2.981461
v -3.849869 0.695217 -2.926460
v -3.804153 0.649498 -2.905453
v -3.758438 0.603779 -2.926460
v -3.730179 0.575524 -2.981461
v -3.730179 0.575524 -3.049446
v -3.758438 0.603779 -3.104446
v -3.804153 0.649498 -3.125454
v -3.654526 0.850989 -3.104446
v -3.675568 0.884960 -3.049446
v -3.675568 0.884960 -2.981461
v -3.654526 0.850989 -2.926460
v -3.620483 0.796017 -2.905453
v -3.586449 0.741047 -2.926460
v -3.565407 0.707073 -2.981461
v -3.565407 0.707073 -3.049446
v -3.586449 0.741047 -3.104446
v -3.620483 0.796017 -3.125454
v -3.430954 0.954844 -3.104446
v -3.442627 0.993059 -3.049446
v -3.442627 0.993059 -2.981461
v -3.430954 0.954844 -2.926460
v -3.412056 0.893009 -2.905453
v -3.393166 0.831175 -2.926460
v -3.381485 0.792959 -2.981461
v -3.381485 0.792959 -3.049446
v -3.393166 0.831175 -3.104446
v -3.412056 0.893009 -3.125454
v -0.277687 5.518122 -2.567978
v -0.277687 5.518122 -3.167976
v -0.877686 5.518122 -2.567978
v -0.877686 5.518122 -3.167976
v 5.231598 0.664438 1.460247
v 4.757088 0.189930 1.460247
v 5.208374 0.517807 1.460247
v 5.140976 0.385529 1.460247
v 5.035995 0.280553 1.460247
v 4.903717 0.213154 1.460247
v 4.757088 2.509000 1.460247
v 5.231598 2.034491 1.460247
v 4.903717 2.485775 1.460247
v 5.035995 2.418377 1.460247
v 5.140976 2.313400 1.460247
v 5.208374 2.181122 1.460247
v 4.581421 0.189930 1.460247
v 4.106918 0.664438 1.460247
v 4.434792 0.213154 1.460247
v 4.302513 0.280553 1.460247
v 4.197540 0.385529 1.460247
v 4.130142 0.517807 1.460247
v 4.106918 2.034491 1.460247
v 4.581421 2.509000 1.460247
v 4.130142 2.181122 1.460247
v 4.197540 2.313400 1.460247
v 4.302513 2.418377 1.460247
v 4.434792 2.485775 1.460247
v -3.785744 1.614671 3.985981
v -3.938972 1.767900 3.985981
v -3.833092 1.622170 3.985981
v -3.875809 1.643934 3.985981
v -3.909706 1.677834 3.985981
v -3.931473 1.720549 3.985981
v -3.938972 2.210319 3.985981
v -3.785744 2.363549 3.985981
v -3.931473 2.257670 3.985981
v -3.909706 2.300385 3.985981
v -3.875809 2.334285 3.985981
v -3.833092 2.356049 3.985981
v -3.575790 1.767900 3.985981
v -3.729019 1.614671 3.985981
v -3.583290 1.720549 3.985981
v -3.605049 1.677834 3.985981
v -3.638954 1.643934 3.985981
v -3.681664 1.622170 3.985981
v -3.729019 2.363549 3.985981
v -3.575790 2.210319 3.985981
v -3.681664 2.356049 3.985981
v -3.638954 2.334285 3.985981
v -3.605049 2.300385 3.985981
v -3.583290 2.257670 3.985981
v -3.146217 1.614671 3.985981
v -3.299438 1.767900 3.985981
v -3.193565 1.622170 3.985981
v -3.236282 1.643934 3.985981
v -3.270180 1.677834 3.985981
v -3.291939 1.720549 3.985981
v -3.299438 2.210319 3.985981
v -3.146217 2.363549 3.985981
v -3.291939 2.257670 3.985981
v -3.270180 2.300385 3.985981
v -3.236282 2.334285 3.985981
v -3.193565 2.356049 3.985981
v -2.936256 1.767900 3.985981
v -3.089485 1.614671 3.985981
v -2.943756 1.720549 3.985981
v -2.965523 1.677834 3.985981
v -2.999420 1.643934 3.985981
v -3.042137 1.622170 3.985981
v -3.089485 2.363549 3.985981
v -2.936256 2.210319 3.985981
v -3.042137 2.356049 3.985981
v -2.999420 2.334285 3.985981
v -2.965523 2.300385 3.985981
v -2.943756 2.257670 3.985981
v 0.100090 1.767899 -4.026928
v 0.253319 1.614670 -4.026928
v 0.107590 1.720548 -4.026928
v 0.129349 1.677833 -4.026928
v 0.163246 1.643933 -4.026928
v 0.205963 1.622169 -4.026928
v 0.253319 2.363549 -4.026928
v 0.100090 2.210318 -4.026928
v 0.205963 2.356048 -4.026928
v 0.163246 2.334285 -4.026928
v 0.129349 2.300385 -4.026928
v 0.107590 2.257669 -4.026928
v 0.310043 1.614670 -4.026928
v 0.463272 1.767899 -4.026928
v 0.357391 1.622169 -4.026928
v 0.400108 1.643933 -4.026928
v 0.434006 1.677833 -4.026928
v 0.455772 1.720548 -4.026928
v 0.463272 2.210318 -4.026928
v 0.310043 2.363549 -4.026928
v 0.455772 2.257669 -4.026928
v 0.434006 2.300385 -4.026928
v 0.400108 2.334285 -4.026928
v 0.357391 2.356048 -4.026928
v 0.739616 1.767899 -4.026928
v 0.892845 1.614670 -4.026928
v 0.747116 1.720548 -4.026928
v 0.768883 1.677833 -4.026928
v 0.802780 1.643933 -4.026928
v 0.845497 1.622169 -4.026928
v 0.892845 2.363549 -4.026928
v 0.739616 2.210318 -4.026928
v 0.845497 2.356048 -4.026928
v 0.802780 2.334285 -4.026928
v 0.768883 2.300385 -4.026928
v 0.747116 2.257669 -4.026928
v 0.949570 1.614670 -4.026928
v 1.102798 1.767899 -4.026928
v 0.996925 1.622169 -4.026928
v 1.039642 1.643933 -4.026928
v 1.073540 1.677833 -4.026928
v 1.095306 1.720548 -4.026928
v 1.102798 2.210318 -4.026928
v 0.949570 2.363549 -4.026928
v 1.095306 2.257669 -4.026928
v 1.073540 2.300385 -4.026928
v 1.039642 2.334285 -4.026928
v 0.996925 2.356048 -4.026928
v 6.164444 1.614671 -1.373817
v 6.164444 1.767900 -1.220589
v 6.164444 1.622169 -1.326466
v 6.164444 1.643934 -1.283749
v 6.164444 1.677834 -1.249851
v 6.164444 1.720549 -1.228088
v 6.164444 2.210318 -1.220589
v 6.164444 2.363549 -1.373817
v 6.164444 2.257669 -1.228088
v 6.164444 2.300385 -1.249851
v 6.164444 2.334285 -1.283749
v 6.164444 2.356048 -1.326466
v 6.164444 1.767900 -1.583775
v 6.164444 1.614671 -1.430546
v 6.164444 1.720549 -1.576275
v 6.164444 1.677834 -1.554508
v 6.164444 1.643934 -1.520611
v 6.164444 1.622169 -1.477894
v 6.164444 2.363549 -1.430546
v 6.164444 2.210318 -1.583775
v 6.164444 2.356048 -1.477894
v 6.164444 2.334285 -1.520611
v 6.164444 2.300385 -1.554508
v 6.164444 2.257669 -1.576275
v -6.148239 1.767900 2.232006
v -6.148239 1.614671 2.078781
v -6.148239 1.720549 2.224506
v -6.148239 1.677834 2.202744
v -6.148239 1.643934 2.168846
v -6.148239 1.622170 2.126129
v -6.148239 2.363549 2.078781
v -6.148239 2.210319 2.232006
v -6.148239 2.356049 2.126129
v -6.148239 2.334285 2.168846
v -6.148239 2.300385 2.202744
v -6.148239 2.257670 2.224506
v -6.148239 1.614671 2.022053
v -6.148239 1.767900 1.868824
v -6.148239 1.622170 1.974701
v -6.148239 1.643934 1.931988
v -6.148239 1.677834 1.898087
v -6.148239 1.720549 1.876324
v -6.148239 2.210319 1.868824
v -6.148239 2.363549 2.022053
v -6.148239 2.257670 1.876324
v -6.148239 2.300385 1.898087
v -6.148239 2.334285 1.931988
v -6.148239 2.356049 1.974701
v -3.334465 0.036589 2.052074
v -3.004173 3.893438 1.712700
v -3.334465 0.036588 -4.489765
v -3.004173 3.893437 -4.150391
v 6.622681 0.036589 2.052074
v 6.292389 3.893438 1.712700
v 6.622681 0.036588 -4.489765
v 6.292389 3.893437 -4.150391
v -6.615837 0.036589 4.452789
v -6.350250 2.973484 4.188393
v -6.615837 0.036589 -0.519600
v -6.350250 2.973484 -0.255199
v -0.503502 0.036589 4.452789
v -0.769089 2.973484 4.188393
v -0.503502 0.036589 -0.519600
v -0.769089 2.973484 -0.255199
v 6.806267 3.893437 -4.474480
v 6.806267 3.893438 2.036789
v -3.518051 3.893437 -4.474480
v -3.518051 3.893438 2.036789
v 6.806267 4.293437 2.036789
v -3.518051 4.293437 2.036789
v -3.518051 4.293437 -4.474480
v 6.806267 4.293437 -4.474480
v 6.095802 4.293437 1.588718
v -2.807587 4.293437 1.588718
v -2.807587 4.293437 -4.026409
v 6.095802 4.293437 -4.026409
v 6.095802 4.918124 1.588718
v -2.807587 4.918124 1.588718
v -2.807587 4.918123 -4.026409
v 6.095802 4.918123 -4.026409
v 6.753708 4.918124 2.003643
v -3.465492 4.918124 2.003643
v -3.465492 4.918123 -4.441334
v 6.753708 4.918123 -4.441334
v 6.753708 5.318124 2.003643
v -3.465492 5.318124 2.003643
v -3.465492 5.318123 -4.441334
v 6.753708 5.318123 -4.441334
v 2.185966 0.036589 2.052074
v 2.219116 3.893438 1.712700
v 3.185204 0.036589 2.052074
v 3.152054 3.893438 1.712700
v 3.185204 0.036589 2.452072
v 3.152054 3.893438 2.112701
v 2.219116 3.893438 2.112701
v 2.185966 0.036589 2.452072
v 2.808289 2.036588 -5.810673
v 2.648628 0.036588 -5.972721
v 2.808289 2.036588 -3.810673
v 2.648628 0.036588 -3.648628
v 4.967957 0.036588 -3.648628
v 4.808289 2.036588 -3.810673
v 4.967957 0.036588 -5.972721
v 4.808289 2.036588 -5.810673
v 6.212700 3.213311 -1.291668
v 6.212700 3.453426 -1.291668
v 6.212700 3.213311 -1.531784
v 6.212700 3.453426 -1.531784
v 7.112671 3.213311 -1.291668
v 7.112671 3.453426 -1.291668
v 7.112671 3.213311 -1.531784
v 7.112671 3.453426 -1.531784
v 6.212700 3.213312 -0.257454
v 6.212700 3.453427 -0.257454
v 6.212700 3.213312 -0.497570
v 6.212700 3.453427 -0.497570
v 7.112671 3.213312 -0.257454
v 7.112671 3.453427 -0.257454
v 7.112671 3.213312 -0.497570
v 7.112671 3.453427 -0.497570
v 6.212700 3.213312 0.795712
v 6.212700 3.453427 0.795712
v 6.212700 3.213312 0.555595
v 6.212700 3.453427 0.555595
v 7.112671 3.213312 0.795712
v 7.112671 3.453427 0.795712
v 7.112671 3.213312 0.555595
v 7.112671 3.453427 0.555595
v 6.212700 3.213311 -3.262375
v 6.212700 3.453426 -3.262375
v 6.212700 3.213311 -3.502491
v 6.212700 3.453426 -3.502491
v 7.112671 3.213311 -3.262375
v 7.112671 3.453426 -3.262375
v 7.112671 3.213311 -3.502491
v 7.112671 3.453426 -3.502491
v 6.212700 3.213311 -2.228161
v 6.212700 3.453426 -2.228161
v 6.212700 3.213311 -2.468277
v 6.212700 3.453426 -2.468277
v 7.112671 3.213311 -2.228161
v 7.112671 3.453426 -2.228161
v 7.112671 3.213311 -2.468277
v 7.112671 3.453426 -2.468277
v -6.626480 2.973484 4.408321
v -6.626480 2.973484 -0.475132
v -0.492851 2.973484 4.408321
v -0.492851 2.973484 -0.475132
v -6.626480 3.373484 4.408321
v -6.626480 3.373484 -0.475132
v -0.492851 3.373484 -0.475132
v -0.492851 3.373484 4.408321
v 6.424049 2.356048 -1.477894
v 6.423401 2.363549 -1.373817
v 6.424049 2.356048 -1.326466
v 6.425911 2.334285 -1.520611
v 6.425911 2.334285 -1.283749
v 6.423401 2.363549 -1.430546
v 6.428810 2.300385 -1.554508
v 6.428810 2.300385 -1.249851
v 6.432472 2.257669 -1.228088
v 6.436523 2.210318 -1.583775
v 6.432472 2.257669 -1.576275
v 6.436523 2.210318 -1.220589
v 6.474411 1.767900 -1.220589
v 6.474411 1.767900 -1.583775
v 6.478470 1.720549 -1.228088
v 6.482124 1.677834 -1.554508
v 6.482124 1.677834 -1.249851
v 6.478470 1.720549 -1.576275
v 6.485031 1.643934 -1.520611
v 6.485031 1.643934 -1.283749
v 6.486893 1.622169 -1.477894
v 6.486893 1.622169 -1.326466
v 6.487534 1.614671 -1.373817
v 6.487534 1.614671 -1.430546
v 5.140976 2.313400 1.851730
v 5.035995 2.418377 1.842495
v 5.208374 2.181122 1.863373
v 5.231598 2.034491 1.876274
v 5.140976 0.385529 2.021370
v 5.035995 0.280553 2.030605
v 5.231598 0.664438 1.996826
v 5.208374 0.517807 2.009731
v 1.095306 1.720548 -4.341587
v 4.434792 2.485775 1.836563
v 4.106918 2.034491 1.876274
v 4.197540 0.385529 2.021370
v 4.581421 0.189930 2.038582
v 4.302513 2.418377 1.842495
v 4.197540 2.313400 1.851730
v 4.130142 2.181122 1.863373
v 4.302513 0.280553 2.030605
v 4.434792 0.213154 2.036537
v 4.581421 2.509000 1.834522
v 4.903717 0.213154 2.036537
v 4.106918 1.044491 1.963387
v 4.106918 0.664438 1.996826
v 4.130142 0.517807 2.009731
v 4.903717 2.485775 1.836563
v 4.757088 2.509000 1.834522
v 4.757088 0.189930 2.038582
v 0.996925 2.356048 -4.285671
v 0.892845 2.363548 -4.285011
v 0.845497 2.356048 -4.285671
v 0.949570 2.363548 -4.285011
v 1.039642 2.334284 -4.287586
v 0.802780 2.334284 -4.287586
v 1.095306 2.257669 -4.294327
v 1.102798 2.210318 -4.298492
v 1.073540 2.300384 -4.290569
v 1.102798 1.767899 -4.337421
v 1.073540 1.677833 -4.345348
v 1.039642 1.643933 -4.348331
v 0.996925 1.622169 -4.350246
v 0.949570 1.614670 -4.350906
v 0.802780 1.643933 -4.348331
v 0.845497 1.622169 -4.350246
v 0.892845 1.614670 -4.350906
v 0.357391 2.356048 -4.285671
v 0.768883 2.300384 -4.290569
v 0.434006 2.300384 -4.290569
v 0.400108 2.334284 -4.287586
v 0.455772 2.257669 -4.294327
v 0.747116 2.257669 -4.294327
v 0.739616 2.210318 -4.298492
v 0.463272 2.210318 -4.298492
v 0.739616 1.767899 -4.337421
v 0.455772 1.720548 -4.341587
v 0.463272 1.767899 -4.337421
v 0.747116 1.720548 -4.341587
v 0.434006 1.677833 -4.345348
v 0.768883 1.677833 -4.345348
v 0.400108 1.643933 -4.348331
v 0.357391 1.622169 -4.350246
v 0.253319 2.363548 -4.285011
v 0.205963 2.356048 -4.285671
v 0.163246 1.643933 -4.348331
v 0.129349 1.677833 -4.345348
v 0.205963 1.622169 -4.350246
v 0.253319 1.614670 -4.350906
v 0.310043 2.363548 -4.285011
v 0.100090 1.767899 -4.337421
v 0.310043 1.614670 -4.350906
v 0.163246 2.334284 -4.287586
v 0.107590 2.257669 -4.294327
v 0.100090 2.210318 -4.298492
v 0.107590 1.720548 -4.341587
v 0.129349 2.300384 -4.290569
v -2.936256 1.767900 4.296925
v -2.936256 2.210319 4.257095
v -2.943756 1.720549 4.301189
v -2.943756 2.257670 4.252834
v -3.146210 2.363549 4.243301
v -3.193565 2.356049 4.243977
v -3.089485 2.363549 4.243301
v -3.042137 2.356049 4.243977
v -2.999420 2.334285 4.245937
v -3.236282 2.334285 4.245937
v -2.965523 2.300385 4.248989
v -3.270180 2.300385 4.248989
v -3.236282 1.643934 4.308086
v -2.965523 1.677834 4.305035
v -3.270180 1.677834 4.305035
v -3.042137 1.622170 4.310043
v -2.999420 1.643934 4.308086
v -3.146217 1.614671 4.310719
v -3.193565 1.622170 4.310043
v -3.089485 1.614671 4.310719
v -3.291939 2.257670 4.252834
v -3.299438 1.767900 4.296925
v -3.291939 1.720549 4.301189
v -3.299438 2.210319 4.257095
v -3.575790 2.210319 4.257095
v -3.575790 1.767900 4.296925
v -3.583290 2.257670 4.252834
v -3.583290 1.720549 4.301189
v -3.605049 1.677834 4.305035
v -3.729019 2.363549 4.243301
v -3.785744 2.363549 4.243301
v -3.681664 2.356049 4.243977
v -3.638954 2.334285 4.245937
v -3.605049 2.300385 4.248989
v -3.638954 1.643934 4.308086
v -3.729019 1.614671 4.310719
v -3.681664 1.622170 4.310043
v -3.785744 1.614671 4.310719
v -3.833092 2.356049 4.243977
v -3.875809 2.334285 4.245937
v -3.833092 1.622170 4.310043
v -3.875809 1.643934 4.308086
v -3.909706 2.300385 4.248989
v -3.909706 1.677834 4.305035
v -3.931473 2.257670 4.252834
v -3.938972 1.767900 4.296925
v -3.931473 1.720549 4.301189
v -3.938972 2.210319 4.257095
v -6.411118 2.300385 2.202744
v -6.414978 2.257670 2.224506
v -6.408051 2.334285 2.168846
v -6.408051 2.334285 1.931988
v -6.467415 1.677834 2.202744
v -6.470482 1.643934 2.168846
v -6.472450 1.622170 2.126129
v -6.406082 2.356049 1.974701
v -6.411118 2.300385 1.898087
v -6.419266 2.210319 2.232006
v -6.473129 1.614671 2.022053
v -6.406082 2.356049 2.126129
v -6.405403 2.363549 2.078781
v -6.459267 1.767900 2.232006
v -6.463554 1.720549 2.224506
v -6.473129 1.614671 2.078781
v -6.405403 2.363549 2.022053
v -6.414978 2.257670 1.876324
v -6.459267 1.767900 1.868824
v -6.419266 2.210319 1.868824
v -6.463554 1.720549 1.876324
v -6.467415 1.677834 1.898087
v -6.472450 1.622170 1.974701
v -6.470482 1.643934 1.931988
v 0.114120 -0.413088 3.106895
v -0.127510 0.218342 3.135452
v 0.102180 -0.387081 2.430813
v -0.139450 0.244350 2.459370
v 0.746078 -0.171172 3.105042
v 0.504456 0.460258 3.133598
v 0.734138 -0.145165 2.428959
v 0.492516 0.486266 2.457516
v 0.977173 -0.353357 2.771717
v 0.846832 0.064510 3.035339
v 1.033119 -0.069989 2.350208
v 0.902779 0.347879 2.613827
v 1.468071 -0.274701 2.889748
v 1.337730 0.143166 3.153370
v 1.524017 0.008668 2.468239
v 1.393677 0.426536 2.731861
v 1.098671 0.055660 3.839817
v 0.714111 -0.094612 3.927719
v 1.100800 -0.161519 3.477848
v 0.716240 -0.311793 3.565746
v 0.924591 0.384971 3.641209
v 0.540031 0.234699 3.729111
v 0.926720 0.167790 3.279240
v 0.542160 0.017517 3.367138
v 2.153999 0.105582 -4.824947
v 1.918106 -0.243819 -4.846592
v 2.227951 0.081358 -5.239841
v 1.992065 -0.268046 -5.261490
v 1.811829 0.341222 -4.899700
v 1.575935 -0.008181 -4.921345
v 1.885780 0.316995 -5.314594
v 1.649895 -0.032407 -5.336243
v -6.636711 0.032301 -2.355942
v -7.028549 -0.108056 -2.285553
v -6.633202 -0.164714 -2.729263
v -7.025040 -0.305072 -2.658871
v -6.793686 0.378249 -2.539989
v -7.185532 0.237891 -2.469597
v -6.790184 0.181232 -2.913307
v -7.182022 0.040875 -2.842918
v -6.832230 -0.155963 -3.376526
v -7.182991 -0.313401 -3.550797
v -6.846664 0.171133 -3.642971
v -7.197426 0.013695 -3.817245
v -7.066635 0.059481 -3.099342
v -7.417404 -0.097957 -3.273617
v -7.081078 0.386577 -3.365791
v -7.431839 0.229140 -3.540066
v -6.026726 0.055659 -2.935665
v -6.411285 -0.094613 -2.847767
v -6.024597 -0.161520 -3.297638
v -6.409157 -0.311794 -3.209736
v -6.200806 0.384970 -3.134277
v -6.585365 0.234698 -3.046375
v -6.198677 0.167789 -3.496246
v -6.583237 0.017516 -3.408348
v 7.543190 0.181253 0.425751
v 7.529991 -0.229946 0.331226
v 7.629478 0.271192 0.022438
v 7.616280 -0.140010 -0.072083
v 7.130180 0.213188 0.344509
v 7.116982 -0.198013 0.249985
v 7.216469 0.303125 -0.058804
v 7.203270 -0.108075 -0.153324
v 5.578194 1.525684 1.921043
v 5.764969 1.417850 1.930534
v 5.764969 1.202184 1.949509
v 5.578194 1.094352 1.959000
v 5.391418 1.417850 1.930534
v 5.391418 1.202184 1.949509
v -0.277687 5.318123 -2.567978
v -0.877686 5.318123 -2.567978
v -0.277687 5.318124 -2.313492
v -0.277687 5.318124 -1.713493
v -0.877686 5.318124 -1.713493
v -0.277687 5.318123 -3.167976
v -0.877686 5.318123 -3.167976
v -0.877686 5.318123 -2.809273
v -0.877686 5.318124 -2.313492
v -3.249954 1.023448 -3.049446
v -3.264664 0.851706 -3.104446
v -3.268135 0.811142 -3.049446
v -3.249954 1.023448 -2.981461
v -3.268135 0.811142 -2.981461
v -3.264664 0.851706 -2.926460
v -3.253426 0.982916 -2.926460
v -3.259041 0.917320 -2.905453
v -3.259041 0.917320 -3.125454
v -3.253426 0.982916 -3.104446
v -4.914528 0.849977 -0.446373
v -4.893524 0.915647 -0.440460
v -4.969528 1.021862 -0.430897
v -4.914528 0.981297 -0.434551
v -5.037514 1.021862 -0.430897
v -4.969528 0.809377 -0.450027
v -5.037514 0.809377 -0.450027
v -5.092514 0.981297 -0.434551
v -5.113525 0.915647 -0.440460
v -5.092514 0.849977 -0.446373
v -5.466171 0.981297 -0.434551
v -5.521172 1.021862 -0.430897
v -5.445168 0.915647 -0.440460
v -5.466171 0.849977 -0.446373
v -5.521172 0.809377 -0.450027
v -5.589157 0.809377 -0.450027
v -5.644157 0.981297 -0.434551
v -5.589157 1.021862 -0.430897
v -5.665161 0.915647 -0.440460
v -5.644157 0.849977 -0.446373
vn -0.0000 -0.0000 1.0000
vn -0.0000 1.0000 -0.0000
vn -1.0000 -0.0000 -0.0000
vn -0.1564 -0.9877 -0.0000
vn -0.4540 -0.8910 -0.0000
vn -0.7071 -0.7071 -0.0000
vn -0.8910 -0.4540 -0.0000
vn -0.9877 -0.1565 -0.0000
vn 0.1564 0.9877 -0.0000
vn 0.4540 0.8910 -0.0000
vn 0.7071 0.7071 -0.0000
vn 0.8910 0.4540 -0.0000
vn 0.9877 0.1564 -0.0000
vn -0.0000 -1.0000 -0.0000
vn -0.9877 -0.1564 -0.0000
vn 0.7072 0.7070 -0.0000
vn -0.1565 -0.9877 -0.0000
vn -0.8910 -0.4541 -0.0000
vn -0.0000 -0.0000 -1.0000
vn 1.0000 -0.0000 -0.0000
vn 0.1564 -0.9877 -0.0000
vn 0.4540 -0.8910 -0.0000
vn 0.7071 -0.7071 -0.0000
vn 0.8911 -0.4539 -0.0000
vn 0.9877 -0.1564 -0.0000
vn -0.1564 0.9877 -0.0000
vn -0.4540 0.8910 -0.0000
vn -0.7071 0.7071 -0.0000
vn -0.8910 0.4541 -0.0000
vn -0.9877 0.1565 -0.0000
vn 0.1565 -0.9877 -0.0000
vn 0.8910 -0.4540 -0.0000
vn 0.9877 -0.1565 -0.0000
vn -0.8910 0.4540 -0.0000
vn -0.9877 0.1563 -0.0000
vn -0.0000 0.9877 -0.1564
vn -0.0000 0.8910 -0.4540
vn -0.0000 0.7071 -0.7071
vn -0.0000 0.4540 -0.8910
vn -0.0000 0.1564 -0.9877
vn -0.0000 -0.9877 0.1565
vn -0.0000 -0.8910 0.4540
vn -0.0000 -0.7071 0.7071
vn -0.0000 -0.4540 0.8910
vn -0.0000 -0.1564 0.9877
vn -0.0000 -0.9877 -0.1565
vn -0.0000 -0.8910 -0.4540
vn -0.0000 -0.7071 -0.7071
vn -0.0000 -0.4540 -0.8910
vn -0.0000 -0.1564 -0.9877
vn -0.0000 0.9877 0.1564
vn -0.0000 0.8910 0.4540
vn -0.0000 0.7071 0.7071
vn -0.0000 0.4540 0.8910
vn -0.0000 0.1564 0.9877
vn -0.9964 0.0853 -0.0000
vn -0.0000 0.0877 -0.9962
vn 0.9964 0.0853 -0.0000
vn -0.0000 0.0877 0.9962
vn -0.9959 0.0901 -0.0000
vn -0.0000 0.0897 -0.9960
vn 0.9959 0.0901 -0.0000
vn -0.0000 0.0897 0.9960
vn -0.0000 -0.0877 -0.9962
vn -1.0000 0.0086 -0.0000
vn 1.0000 0.0086 -0.0000
vn -0.9968 0.0796 -0.0000
vn -0.0000 0.0808 -0.9967
vn 0.9968 0.0796 -0.0000
vn -0.0000 0.0808 0.9967
vn 0.4539 0.8910 -0.0000
vn -0.9877 -0.1563 -0.0000
vn -0.7072 0.7071 -0.0000
vn 0.9877 -0.1563 -0.0000
vn -0.0000 -0.9877 -0.1564
vn -0.0000 -0.9877 0.1564
vn -0.8910 0.4539 -0.0000
vn -0.4539 -0.8910 -0.0000
vn -0.9877 0.1564 -0.0000
vn 0.8911 0.4539 -0.0000
vn 0.9877 0.1566 -0.0000
vn -0.7072 -0.7070 -0.0000
vn 0.7072 0.7071 -0.0000
vn -0.9339 -0.3575 0.0027
vn -0.0176 0.0384 -0.9991
vn 0.9339 0.3575 -0.0027
vn 0.0176 -0.0384 0.9991
vn 0.3571 -0.9331 -0.0422
vn -0.3571 0.9331 0.0422
vn -0.9607 -0.1539 -0.2310
vn 0.1095 0.5546 -0.8249
vn 0.9607 0.1539 0.2310
vn -0.1095 -0.5546 0.8249
vn 0.2551 -0.8178 -0.5159
vn -0.2551 0.8178 0.5159
vn 0.4124 -0.7801 0.4705
vn 0.0050 -0.5145 -0.8575
vn -0.4124 0.7801 -0.4705
vn -0.0050 0.5145 0.8575
vn 0.9110 0.3560 -0.2082
vn -0.9110 -0.3560 0.2082
vn 0.8106 -0.5582 0.1771
vn 0.1752 -0.0574 -0.9829
vn -0.8106 0.5582 -0.1771
vn -0.1752 0.0574 0.9829
vn 0.5588 0.8277 0.0513
vn -0.5588 -0.8277 -0.0513
vn 0.3719 -0.8195 0.4360
vn 0.0083 -0.4667 -0.8844
vn -0.3719 0.8195 -0.4360
vn -0.0083 0.4667 0.8844
vn 0.9283 0.3325 -0.1668
vn -0.9282 -0.3325 0.1667
vn 0.5553 -0.5104 -0.6566
vn -0.0342 0.7749 -0.6312
vn -0.5553 0.5104 0.6566
vn 0.0342 -0.7749 0.6312
vn 0.8309 0.3730 0.4128
vn -0.8309 -0.3730 -0.4128
vn 0.9784 -0.0756 0.1925
vn 0.2044 0.2131 -0.9554
vn -0.9784 0.0756 -0.1925
vn -0.2044 -0.2131 0.9554
vn 0.0313 0.9741 0.2239
vn -0.0313 -0.9741 -0.2239
vn 0.5000 -0.8660 -0.0000
vn 0.5000 0.8660 -0.0000
vn -0.5000 -0.8660 -0.0000
vn -0.5000 0.8660 -0.0000
vn 0.7665 -0.6418 -0.0238
vn 0.6067 -0.6770 0.4167
vn 0.2281 -0.6990 0.6778
vn -0.2281 -0.6990 0.6778
vn -0.6066 -0.6770 0.4167
vn -0.7665 -0.6418 -0.0237
vn -0.6314 -0.6075 -0.4820
vn -0.2434 -0.5869 -0.7722
vn 0.2434 -0.5869 -0.7722
vn 0.6314 -0.6075 -0.4820
vn 0.7962 0.1763 -0.5788
vn 0.9996 0.0079 -0.0262
vn 0.3013 0.2777 -0.9122
vn -0.3013 0.2777 -0.9122
vn -0.7961 0.1763 -0.5789
vn -0.9996 0.0079 -0.0262
vn -0.8221 -0.1668 0.5444
vn -0.3173 -0.2783 0.9066
vn 0.3173 -0.2783 0.9066
vn 0.8221 -0.1668 0.5443
vn 0.7979 0.3171 -0.5127
vn 0.9997 0.0122 -0.0199
vn 0.3023 0.5013 -0.8107
vn -0.3023 0.5013 -0.8107
vn -0.7979 0.3171 -0.5127
vn -0.9997 0.0122 -0.0199
vn -0.8201 -0.3015 0.4864
vn -0.3160 -0.5001 0.8062
vn 0.3160 -0.5001 0.8062
vn 0.8201 -0.3015 0.4864
vn 0.7985 0.4256 -0.4256
vn 0.9998 0.0156 -0.0156
vn 0.3026 0.6740 -0.6739
vn -0.3027 0.6739 -0.6739
vn -0.7985 0.4257 -0.4257
vn -0.9998 0.0156 -0.0156
vn -0.8194 -0.4053 0.4053
vn -0.3155 -0.6710 0.6710
vn 0.3156 -0.6710 0.6710
vn 0.8195 -0.4053 0.4053
vn 0.7979 0.5127 -0.3171
vn 0.9997 0.0199 -0.0122
vn 0.3022 0.8107 -0.5013
vn -0.3023 0.8107 -0.5014
vn -0.7979 0.5127 -0.3171
vn -0.9997 0.0199 -0.0122
vn -0.8201 -0.4864 0.3015
vn -0.3159 -0.8063 0.5001
vn 0.3159 -0.8062 0.5001
vn 0.8201 -0.4864 0.3015
vn 0.7962 0.5788 -0.1763
vn 0.9996 0.0261 -0.0079
vn 0.3013 0.9122 -0.2777
vn -0.3013 0.9122 -0.2777
vn -0.7962 0.5788 -0.1763
vn -0.9996 0.0262 -0.0079
vn -0.8221 -0.5443 0.1668
vn -0.3174 -0.9065 0.2783
vn 0.3174 -0.9065 0.2783
vn 0.8222 -0.5443 0.1668
vn 0.5510 0.4886 -0.6766
vn 0.6180 0.0998 -0.7798
vn 0.1975 0.6932 -0.6932
vn -0.1975 0.6931 -0.6932
vn -0.5509 0.4886 -0.6766
vn -0.6180 0.0999 -0.7798
vn -0.6894 -0.3985 -0.6049
vn -0.2846 -0.7674 -0.5746
vn 0.2846 -0.7674 -0.5746
vn 0.6894 -0.3984 -0.6049
vn 0.7665 -0.6418 -0.0237
vn 0.6066 -0.6770 0.4167
vn -0.6067 -0.6770 0.4167
vn 0.7961 0.1763 -0.5789
vn -0.7962 0.1763 -0.5788
vn -0.8221 -0.1668 0.5443
vn 0.8221 -0.1668 0.5444
vn 0.9997 0.0123 -0.0199
vn 0.7985 0.4257 -0.4257
vn -0.3027 0.6740 -0.6739
vn -0.7985 0.4256 -0.4256
vn -0.8195 -0.4053 0.4053
vn -0.3156 -0.6710 0.6710
vn 0.8194 -0.4053 0.4053
vn 0.7978 0.5127 -0.3171
vn -0.3023 0.8107 -0.5013
vn -0.7979 0.5126 -0.3171
vn -0.3160 -0.8062 0.5001
vn 0.3160 -0.8062 0.5001
vn 0.9996 0.0262 -0.0079
vn -0.7962 0.5787 -0.1763
vn -0.9996 0.0261 -0.0079
vn -0.8222 -0.5442 0.1668
vn 0.5509 0.4886 -0.6766
vn 0.6180 0.0999 -0.7798
vn 0.1975 0.6931 -0.6932
vn -0.5510 0.4885 -0.6766
vn -0.6895 -0.3983 -0.6049
vn -0.0237 -0.6418 -0.7665
vn 0.4167 -0.6770 -0.6067
vn 0.6778 -0.6990 -0.2281
vn 0.6778 -0.6990 0.2281
vn 0.4167 -0.6770 0.6067
vn -0.0238 -0.6418 0.7665
vn -0.4820 -0.6075 0.6314
vn -0.7722 -0.5869 0.2434
vn -0.7722 -0.5869 -0.2434
vn -0.4820 -0.6075 -0.6314
vn -0.5788 0.1763 -0.7961
vn -0.0262 0.0079 -0.9996
vn -0.9122 0.2777 -0.3013
vn -0.9122 0.2777 0.3013
vn -0.5789 0.1763 0.7961
vn -0.0262 0.0079 0.9996
vn 0.5444 -0.1668 0.8221
vn 0.9066 -0.2783 0.3173
vn 0.9066 -0.2783 -0.3173
vn 0.5444 -0.1668 -0.8221
vn -0.5127 0.3171 -0.7979
vn -0.0199 0.0122 -0.9997
vn -0.8107 0.5013 -0.3023
vn -0.8107 0.5013 0.3023
vn -0.5127 0.3171 0.7979
vn -0.0199 0.0122 0.9997
vn 0.4864 -0.3015 0.8201
vn 0.8063 -0.5001 0.3160
vn 0.8063 -0.5001 -0.3160
vn 0.4864 -0.3015 -0.8201
vn -0.4256 0.4257 -0.7985
vn -0.0156 0.0156 -0.9998
vn -0.6739 0.6739 -0.3027
vn -0.6739 0.6739 0.3027
vn -0.4256 0.4257 0.7985
vn -0.0156 0.0156 0.9998
vn 0.4053 -0.4053 0.8194
vn 0.6710 -0.6710 0.3156
vn 0.6710 -0.6710 -0.3156
vn 0.4053 -0.4053 -0.8194
vn -0.3171 0.5127 -0.7979
vn -0.0122 0.0199 -0.9997
vn -0.5013 0.8107 -0.3023
vn -0.5014 0.8107 0.3023
vn -0.3171 0.5127 0.7979
vn -0.0122 0.0199 0.9997
vn 0.3015 -0.4864 0.8201
vn 0.5001 -0.8062 0.3160
vn 0.5001 -0.8062 -0.3160
vn 0.3015 -0.4864 -0.8201
vn -0.1763 0.5788 -0.7962
vn -0.0079 0.0262 -0.9996
vn -0.2777 0.9122 -0.3013
vn -0.2777 0.9122 0.3013
vn -0.1763 0.5788 0.7962
vn -0.0079 0.0262 0.9996
vn 0.1668 -0.5443 0.8221
vn 0.2783 -0.9065 0.3174
vn 0.2783 -0.9065 -0.3174
vn 0.1668 -0.5443 -0.8221
vn -0.6774 0.4862 -0.5520
vn -0.7802 0.0960 -0.6181
vn -0.6944 0.6918 -0.1981
vn -0.6944 0.6918 0.1981
vn -0.6775 0.4862 0.5520
vn -0.7802 0.0960 0.6181
vn -0.6045 -0.4013 0.6882
vn -0.5740 -0.7682 0.2836
vn -0.5740 -0.7682 -0.2836
vn -0.6045 -0.4013 -0.6881
vt 0.968909 0.775743
vt 0.952989 0.784935
vt 0.937070 0.775743
vt 0.937070 0.757361
vt 0.952989 0.748170
vt 0.968909 0.757361
vt 0.968668 0.781190
vt 0.968668 0.752396
vt 0.997462 0.752396
vt 0.997462 0.781190
vt 0.963451 0.818481
vt 0.973019 0.818481
vt 0.981007 0.819746
vt 0.988212 0.823417
vt 0.993931 0.829136
vt 0.997602 0.836341
vt 0.998867 0.844329
vt 0.998867 0.918959
vt 0.997602 0.926946
vt 0.993931 0.934152
vt 0.988212 0.939870
vt 0.981007 0.943541
vt 0.973019 0.944807
vt 0.963451 0.944807
vt 0.955463 0.943541
vt 0.948258 0.939870
vt 0.942539 0.934152
vt 0.938868 0.926946
vt 0.937603 0.918959
vt 0.937603 0.844329
vt 0.938868 0.836341
vt 0.942539 0.829136
vt 0.948258 0.823417
vt 0.955463 0.819746
vt 0.976365 0.965272
vt 0.983484 0.959917
vt 0.983484 0.985739
vt 0.976542 0.982740
vt 0.969804 0.988399
vt 0.971737 0.988229
vt 0.973963 0.994682
vt 0.970461 0.995507
vt 0.973457 0.987594
vt 0.977105 0.993152
vt 0.974872 0.986446
vt 0.979748 0.991022
vt 0.975913 0.984837
vt 0.981851 0.988477
vt 0.968887 0.960351
vt 0.967369 0.960349
vt 0.966001 0.952466
vt 0.968698 0.952220
vt 0.965978 0.960712
vt 0.963317 0.953224
vt 0.964737 0.961463
vt 0.960795 0.954506
vt 0.963703 0.962652
vt 0.958535 0.956269
vt 0.963004 0.964330
vt 0.956589 0.958409
vt 0.963210 0.979830
vt 0.956603 0.992432
vt 0.949800 0.960620
vt 0.961939 0.969086
vt 0.966743 0.964729
vt 0.964307 0.951706
vt 0.968560 0.951509
vt 0.968324 0.964753
vt 0.939141 0.800464
vt 0.939141 0.796033
vt 0.939727 0.792334
vt 0.941427 0.788998
vt 0.944075 0.786350
vt 0.947411 0.784650
vt 0.951110 0.784064
vt 0.985668 0.784064
vt 0.989367 0.784650
vt 0.992704 0.786350
vt 0.995351 0.788998
vt 0.997052 0.792334
vt 0.997637 0.796033
vt 0.997637 0.800464
vt 0.997052 0.804163
vt 0.995351 0.807499
vt 0.992704 0.810147
vt 0.989367 0.811847
vt 0.985668 0.812433
vt 0.951110 0.812433
vt 0.947411 0.811847
vt 0.944075 0.810147
vt 0.941427 0.807499
vt 0.939727 0.804163
vt 0.970570 0.982756
vt 0.971841 0.982665
vt 0.975058 0.995181
vt 0.972508 0.995684
vt 0.972988 0.982312
vt 0.977584 0.994330
vt 0.973980 0.981598
vt 0.979998 0.993142
vt 0.974801 0.980501
vt 0.982264 0.991646
vt 0.975435 0.978914
vt 0.984372 0.989895
vt 0.965415 0.964889
vt 0.960925 0.952705
vt 0.964221 0.965352
vt 0.957743 0.954145
vt 0.963218 0.966190
vt 0.954812 0.955992
vt 0.962444 0.967409
vt 0.952157 0.958187
vt 0.969336 0.995880
vt 0.969059 0.982659
vt 0.963144 0.979827
vt 0.956558 0.992427
vt 0.949689 0.960643
vt 0.961860 0.969070
vt 0.966663 0.964733
vt 0.964209 0.951695
vt 0.968469 0.951497
vt 0.968243 0.964759
vt 0.997637 0.796036
vt 0.997637 0.800467
vt 0.997051 0.804165
vt 0.995351 0.807502
vt 0.992703 0.810150
vt 0.989367 0.811850
vt 0.985668 0.812436
vt 0.951110 0.812436
vt 0.947411 0.811850
vt 0.944075 0.810150
vt 0.941427 0.807502
vt 0.939726 0.804165
vt 0.939141 0.800467
vt 0.939141 0.796036
vt 0.939726 0.792337
vt 0.941427 0.789001
vt 0.944075 0.786353
vt 0.947411 0.784653
vt 0.951110 0.784067
vt 0.985668 0.784067
vt 0.989367 0.784653
vt 0.992703 0.786353
vt 0.995351 0.789001
vt 0.997051 0.792337
vt 0.970502 0.982745
vt 0.971772 0.982652
vt 0.974997 0.995153
vt 0.972450 0.995658
vt 0.972918 0.982298
vt 0.977520 0.994301
vt 0.973908 0.981584
vt 0.979931 0.993112
vt 0.974728 0.980487
vt 0.982193 0.991616
vt 0.975360 0.978901
vt 0.984297 0.989865
vt 0.965337 0.964891
vt 0.960822 0.952698
vt 0.964141 0.965372
vt 0.957634 0.954143
vt 0.963106 0.966201
vt 0.954696 0.955997
vt 0.962298 0.967426
vt 0.952036 0.958203
vt 0.969282 0.995857
vt 0.968992 0.982649
vt 0.963198 0.979811
vt 0.956546 0.992392
vt 0.949841 0.960563
vt 0.961953 0.969075
vt 0.966759 0.964734
vt 0.965433 0.964891
vt 0.960963 0.952678
vt 0.964342 0.951687
vt 0.964239 0.965350
vt 0.957783 0.954111
vt 0.963237 0.966185
vt 0.954853 0.955951
vt 0.962461 0.967400
vt 0.952198 0.958138
vt 0.970557 0.982755
vt 0.971829 0.982665
vt 0.975031 0.995174
vt 0.972475 0.995674
vt 0.972977 0.982312
vt 0.977564 0.994326
vt 0.973970 0.981598
vt 0.979984 0.993140
vt 0.974794 0.980502
vt 0.982257 0.991646
vt 0.975429 0.978915
vt 0.963237 0.979802
vt 0.949944 0.960540
vt 0.962026 0.969087
vt 0.966830 0.964746
vt 0.965505 0.964902
vt 0.961077 0.952695
vt 0.964451 0.951714
vt 0.964339 0.965355
vt 0.957901 0.954117
vt 0.963361 0.966175
vt 0.954973 0.955944
vt 0.962508 0.967416
vt 0.952308 0.958123
vt 0.970594 0.982768
vt 0.971865 0.982683
vt 0.975065 0.995216
vt 0.972502 0.995713
vt 0.973019 0.982311
vt 0.977606 0.994369
vt 0.974050 0.981614
vt 0.980035 0.993182
vt 0.974913 0.980522
vt 0.982315 0.991686
vt 0.975477 0.978964
vt 0.984435 0.989929
vt 0.963252 0.979835
vt 0.949956 0.960543
vt 0.962035 0.969108
vt 0.966844 0.964786
vt 0.964450 0.951711
vt 0.968691 0.951527
vt 0.968419 0.964817
vt 0.970608 0.982800
vt 0.971882 0.982711
vt 0.975066 0.995213
vt 0.972504 0.995709
vt 0.973032 0.982359
vt 0.977606 0.994368
vt 0.974027 0.981646
vt 0.980035 0.993185
vt 0.974852 0.980550
vt 0.982315 0.991692
vt 0.975489 0.978963
vt 0.984439 0.989941
vt 0.965520 0.964939
vt 0.961074 0.952694
vt 0.964328 0.965395
vt 0.957896 0.954118
vt 0.963325 0.966225
vt 0.954968 0.955949
vt 0.962547 0.967437
vt 0.952313 0.958127
vt 0.969319 0.995895
vt 0.969095 0.982699
vt 0.963144 0.979786
vt 0.949722 0.960583
vt 0.961867 0.969041
vt 0.966671 0.964680
vt 0.965343 0.964840
vt 0.960848 0.952662
vt 0.964231 0.951662
vt 0.964148 0.965304
vt 0.957665 0.954104
vt 0.963146 0.966143
vt 0.954734 0.955953
vt 0.962371 0.967363
vt 0.952079 0.958149
vt 0.970504 0.982709
vt 0.971775 0.982617
vt 0.974994 0.995134
vt 0.972445 0.995638
vt 0.972921 0.982264
vt 0.977519 0.994283
vt 0.973912 0.981550
vt 0.979932 0.993095
vt 0.974734 0.980453
vt 0.982196 0.991599
vt 0.975367 0.978866
vt 0.984303 0.989848
vt 0.187203 0.018977
vt 0.201957 0.186649
vt 0.456849 0.186649
vt 0.471603 0.018977
vt 0.412291 0.057266
vt 0.411377 0.060117
vt 0.408986 0.061879
vt 0.406031 0.061879
vt 0.403640 0.060117
vt 0.402726 0.057266
vt 0.112965 0.018977
vt 0.127324 0.186649
vt 0.262278 0.113477
vt 0.262278 0.094243
vt 0.262604 0.092185
vt 0.263551 0.090328
vt 0.265024 0.088854
vt 0.266881 0.087908
vt 0.268940 0.087582
vt 0.271406 0.087582
vt 0.273465 0.087908
vt 0.275321 0.088854
vt 0.276795 0.090328
vt 0.277741 0.092185
vt 0.278068 0.094243
vt 0.290081 0.094243
vt 0.290407 0.092185
vt 0.291353 0.090328
vt 0.292827 0.088854
vt 0.294684 0.087908
vt 0.296743 0.087582
vt 0.299209 0.087582
vt 0.301267 0.087908
vt 0.303124 0.088854
vt 0.304598 0.090328
vt 0.305544 0.092185
vt 0.305870 0.094243
vt 0.531482 0.186649
vt 0.545841 0.018977
vt 0.345268 0.113477
vt 0.345268 0.094243
vt 0.344942 0.092185
vt 0.343996 0.090328
vt 0.342522 0.088854
vt 0.340665 0.087908
vt 0.338606 0.087582
vt 0.336140 0.087582
vt 0.334082 0.087908
vt 0.332225 0.088854
vt 0.330751 0.090328
vt 0.329805 0.092185
vt 0.329479 0.094243
vt 0.508553 0.079025
vt 0.508553 0.069650
vt 0.500433 0.064962
vt 0.492313 0.069650
vt 0.485365 0.046272
vt 0.484356 0.039897
vt 0.481425 0.034146
vt 0.476862 0.029583
vt 0.471111 0.026653
vt 0.464736 0.025643
vt 0.457100 0.025643
vt 0.450725 0.026653
vt 0.444974 0.029583
vt 0.440411 0.034146
vt 0.437481 0.039897
vt 0.436471 0.046272
vt 0.436471 0.062794
vt 0.112965 0.300540
vt 0.545841 0.300540
vt 0.545841 0.016140
vt 0.112965 0.016140
vt 0.531482 0.285786
vt 0.127324 0.285786
vt 0.127324 0.030894
vt 0.531482 0.030894
vt 0.605879 0.023841
vt 0.620532 0.186608
vt 0.728958 0.144312
vt 0.728958 0.119793
vt 0.729373 0.117168
vt 0.730579 0.114801
vt 0.732458 0.112922
vt 0.734825 0.111716
vt 0.737450 0.111300
vt 0.740594 0.111300
vt 0.743218 0.111716
vt 0.745585 0.112922
vt 0.747464 0.114801
vt 0.748670 0.117168
vt 0.749086 0.119793
vt 0.866802 0.186608
vt 0.881455 0.023841
vt 0.574291 0.023841
vt 0.626978 0.072560
vt 0.628142 0.068920
vt 0.631190 0.066670
vt 0.634958 0.066670
vt 0.638006 0.068920
vt 0.639170 0.072560
vt 0.657550 0.072560
vt 0.658715 0.068920
vt 0.661763 0.066670
vt 0.665531 0.066670
vt 0.668579 0.068920
vt 0.669743 0.072560
vt 0.913044 0.023841
vt 0.898325 0.186608
vt 0.778217 0.144312
vt 0.778217 0.119793
vt 0.777802 0.117168
vt 0.776595 0.114801
vt 0.774717 0.112922
vt 0.772349 0.111716
vt 0.769725 0.111300
vt 0.766581 0.111300
vt 0.763957 0.111716
vt 0.761590 0.112922
vt 0.759711 0.114801
vt 0.758505 0.117168
vt 0.758089 0.119793
vt 0.742774 0.119793
vt 0.742358 0.117168
vt 0.741152 0.114801
vt 0.739273 0.112922
vt 0.736906 0.111716
vt 0.734282 0.111300
vt 0.731138 0.111300
vt 0.728513 0.111716
vt 0.726146 0.112922
vt 0.724267 0.114801
vt 0.723061 0.117168
vt 0.722646 0.119793
vt 0.589010 0.186608
vt 0.574291 0.294856
vt 0.913044 0.294856
vt 0.913044 0.019280
vt 0.574291 0.019280
vt 0.898325 0.280203
vt 0.589010 0.280203
vt 0.589010 0.033934
vt 0.898325 0.033934
vt 0.900131 0.624560
vt 0.739483 0.624560
vt 0.739483 0.879284
vt 0.900131 0.879284
vt 0.814873 0.832246
vt 0.814873 0.671598
vt 0.824741 0.671598
vt 0.824741 0.832246
vt 0.814873 0.624560
vt 0.814873 0.879284
vt 0.824741 0.879284
vt 0.824741 0.624560
vt 0.719002 0.875537
vt 0.719002 0.636510
vt 0.339999 0.636510
vt 0.339999 0.875537
vt 0.649014 0.742728
vt 0.409987 0.742728
vt 0.409987 0.769319
vt 0.649014 0.769319
vt 0.339999 0.742728
vt 0.719002 0.742728
vt 0.719002 0.769319
vt 0.339999 0.769319
vt 0.725476 0.520322
vt 0.725476 0.327224
vt 0.419297 0.327224
vt 0.419297 0.520322
vt 0.514807 0.456570
vt 0.514807 0.438593
vt 0.496830 0.438593
vt 0.475837 0.417781
vt 0.668936 0.417781
vt 0.668936 0.429765
vt 0.475837 0.429765
vt 0.725476 0.417781
vt 0.419297 0.417781
vt 0.419297 0.429765
vt 0.725476 0.429765
vt 0.089327 0.015242
vt 0.013670 0.015242
vt 0.016180 0.307260
vt 0.086817 0.307260
vt 0.016180 0.189242
vt 0.016180 0.158956
vt 0.086817 0.158956
vt 0.086817 0.189242
vt 0.053794 0.015242
vt 0.023508 0.015242
vt 0.049203 0.307260
vt 0.079489 0.307260
vt 0.089327 0.163547
vt 0.089327 0.133261
vt 0.013670 0.133261
vt 0.013670 0.163547
vt 0.017908 0.340707
vt 0.032501 0.520816
vt 0.212610 0.520816
vt 0.227203 0.340707
vt 0.018122 0.340707
vt 0.226988 0.340707
vt 0.018122 0.535409
vt 0.226988 0.535409
vt 0.226988 0.326114
vt 0.018122 0.326114
vt 0.032501 0.340707
vt 0.212610 0.340707
vt 0.944564 0.397707
vt 0.993436 0.397707
vt 0.993436 0.348835
vt 0.944564 0.348835
vt 0.944564 0.464858
vt 0.993436 0.464858
vt 0.993436 0.281683
vt 0.944564 0.281683
vt 0.944564 0.525586
vt 0.993436 0.525586
vt 0.993436 0.476714
vt 0.944564 0.476714
vt 0.944564 0.592738
vt 0.993436 0.592738
vt 0.993436 0.409563
vt 0.944564 0.409563
vt 0.944564 0.672542
vt 0.993436 0.672542
vt 0.993436 0.623670
vt 0.944564 0.623670
vt 0.944564 0.739694
vt 0.993436 0.739694
vt 0.993436 0.556519
vt 0.944564 0.556519
vt 0.944564 0.130746
vt 0.993436 0.130746
vt 0.993436 0.081874
vt 0.944564 0.081874
vt 0.944564 0.197897
vt 0.993436 0.197897
vt 0.993436 0.014722
vt 0.944564 0.014722
vt 0.944564 0.255618
vt 0.993436 0.255618
vt 0.993436 0.206747
vt 0.944564 0.206747
vt 0.944564 0.322770
vt 0.993436 0.322770
vt 0.993436 0.139595
vt 0.944564 0.139595
vt 0.315931 0.872150
vt 0.315931 0.636853
vt 0.020398 0.636853
vt 0.020398 0.872150
vt 0.285812 0.744865
vt 0.050516 0.744865
vt 0.050516 0.764138
vt 0.285812 0.764138
vt 0.020398 0.744865
vt 0.315931 0.744865
vt 0.315931 0.764138
vt 0.020398 0.764138
vt 0.968590 0.951496
vt 0.968337 0.964761
vt 0.961528 0.994763
vt 0.965293 0.982188
vt 0.966494 0.982701
vt 0.964118 0.995473
vt 0.974200 0.968200
vt 0.984372 0.957432
vt 0.954380 0.985083
vt 0.960981 0.982453
vt 0.961567 0.984486
vt 0.955794 0.987730
vt 0.964070 0.995449
vt 0.966478 0.982691
vt 0.967724 0.982882
vt 0.966706 0.995822
vt 0.971943 0.952521
vt 0.970678 0.960624
vt 0.984435 0.957482
vt 0.974262 0.968221
vt 0.973360 0.966660
vt 0.981659 0.955583
vt 0.961481 0.994750
vt 0.965228 0.982182
vt 0.966429 0.982693
vt 0.964069 0.995456
vt 0.961470 0.994721
vt 0.965227 0.982143
vt 0.966428 0.982655
vt 0.964059 0.995430
vt 0.974128 0.968142
vt 0.984303 0.957384
vt 0.960048 0.992419
vt 0.963861 0.987273
vt 0.965523 0.988040
vt 0.962948 0.994085
vt 0.974572 0.953058
vt 0.972253 0.960725
vt 0.722646 0.144312
vt 0.723061 0.146936
vt 0.724267 0.149304
vt 0.726146 0.151182
vt 0.728513 0.152389
vt 0.731138 0.152804
vt 0.734282 0.152804
vt 0.736906 0.152389
vt 0.739273 0.151182
vt 0.741152 0.149304
vt 0.742358 0.146936
vt 0.742774 0.144312
vt 0.758089 0.144312
vt 0.758505 0.146936
vt 0.759711 0.149304
vt 0.761590 0.151182
vt 0.763957 0.152389
vt 0.766581 0.152804
vt 0.769725 0.152804
vt 0.772349 0.152389
vt 0.774717 0.151182
vt 0.776595 0.149304
vt 0.777802 0.146936
vt 0.981506 0.955525
vt 0.973212 0.966634
vt 0.972180 0.965547
vt 0.978486 0.953911
vt 0.974198 0.968192
vt 0.973291 0.966630
vt 0.981583 0.955535
vt 0.967674 0.982841
vt 0.966689 0.995798
vt 0.964170 0.981202
vt 0.958959 0.993694
vt 0.972132 0.951903
vt 0.969808 0.964671
vt 0.962506 0.986094
vt 0.957654 0.990242
vt 0.966722 0.995846
vt 0.967772 0.982921
vt 0.964221 0.981231
vt 0.958962 0.993701
vt 0.971937 0.951831
vt 0.969646 0.964555
vt 0.968252 0.964704
vt 0.968485 0.951464
vt 0.969316 0.995899
vt 0.969082 0.982663
vt 0.969275 0.995835
vt 0.968992 0.982612
vt 0.968690 0.951532
vt 0.968408 0.964774
vt 0.981664 0.955578
vt 0.973367 0.966697
vt 0.972340 0.965611
vt 0.978661 0.953961
vt 0.964270 0.981259
vt 0.958965 0.993708
vt 0.970945 0.964895
vt 0.975280 0.952676
vt 0.969297 0.995865
vt 0.969044 0.982656
vt 0.978566 0.953921
vt 0.972260 0.965543
vt 0.971025 0.964891
vt 0.975362 0.952687
vt 0.966234 0.995128
vt 0.967461 0.988252
vt 0.961483 0.994748
vt 0.965324 0.982208
vt 0.966525 0.982727
vt 0.964081 0.995468
vt 0.952860 0.965668
vt 0.749086 0.144312
vt 0.748670 0.146936
vt 0.747464 0.149304
vt 0.745585 0.151182
vt 0.743218 0.152389
vt 0.740594 0.152804
vt 0.737450 0.152804
vt 0.734825 0.152389
vt 0.732458 0.151182
vt 0.730579 0.149304
vt 0.729373 0.146936
vt 0.959018 0.993735
vt 0.964236 0.981246
vt 0.972011 0.951877
vt 0.969718 0.964604
vt 0.975382 0.952681
vt 0.971034 0.964901
vt 0.969729 0.964614
vt 0.972036 0.951867
vt 0.977159 0.954079
vt 0.973622 0.961282
vt 0.981589 0.955533
vt 0.973295 0.966640
vt 0.972266 0.965553
vt 0.978579 0.953918
vt 0.958964 0.993709
vt 0.964258 0.981226
vt 0.965312 0.982174
vt 0.972129 0.951909
vt 0.969799 0.964629
vt 0.978656 0.953966
vt 0.972333 0.965573
vt 0.971103 0.964919
vt 0.975467 0.952726
vt 0.984439 0.957478
vt 0.974270 0.968256
vt 0.966514 0.982693
vt 0.964079 0.995471
vt 0.974120 0.968196
vt 0.984297 0.957422
vt 0.965276 0.982176
vt 0.961477 0.994735
vt 0.436471 0.105833
vt 0.437481 0.112208
vt 0.440411 0.117959
vt 0.444974 0.122522
vt 0.450725 0.125452
vt 0.457100 0.126462
vt 0.464736 0.126462
vt 0.471111 0.125452
vt 0.476862 0.122522
vt 0.481425 0.117958
vt 0.484355 0.112208
vt 0.485365 0.105833
vt 0.966719 0.995851
vt 0.967760 0.982886
vt 0.958972 0.993726
vt 0.964171 0.981242
vt 0.979559 0.955599
vt 0.974810 0.962189
vt 0.975471 0.952721
vt 0.971110 0.964959
vt 0.975696 0.963505
vt 0.981680 0.957577
vt 0.966750 0.995842
vt 0.967740 0.982888
vt 0.975289 0.952641
vt 0.970954 0.964841
vt 0.966698 0.995822
vt 0.967674 0.982879
vt 0.971925 0.951865
vt 0.969637 0.964609
vt 0.329479 0.113477
vt 0.329805 0.115536
vt 0.330751 0.117393
vt 0.332225 0.118866
vt 0.334082 0.119813
vt 0.336140 0.120139
vt 0.338606 0.120139
vt 0.340665 0.119813
vt 0.342522 0.118866
vt 0.343996 0.117393
vt 0.344942 0.115536
vt 0.305870 0.113477
vt 0.305544 0.115536
vt 0.304598 0.117393
vt 0.303124 0.118866
vt 0.301267 0.119813
vt 0.299209 0.120139
vt 0.296743 0.120139
vt 0.294684 0.119813
vt 0.292827 0.118866
vt 0.291354 0.117393
vt 0.290407 0.115536
vt 0.290081 0.113477
vt 0.278067 0.113477
vt 0.277741 0.115536
vt 0.276795 0.117393
vt 0.275321 0.118866
vt 0.273465 0.119813
vt 0.271406 0.120139
vt 0.268940 0.120139
vt 0.266881 0.119813
vt 0.265024 0.118866
vt 0.263551 0.117393
vt 0.262604 0.115536
vt 0.973221 0.966581
vt 0.981512 0.955487
vt 0.978494 0.953874
vt 0.972189 0.965493
vt 0.290232 0.333547
vt 0.338553 0.333547
vt 0.338553 0.381868
vt 0.290232 0.381868
vt 0.338553 0.430189
vt 0.290232 0.430189
vt 0.338553 0.478509
vt 0.290232 0.478509
vt 0.338553 0.526830
vt 0.290232 0.526830
vt 0.241911 0.430189
vt 0.241911 0.478509
vt 0.386874 0.430189
vt 0.386874 0.478509
vt 0.492314 0.079025
vt 0.500433 0.083713
vt 0.982973 0.765447
vt 0.993851 0.766000
vt 0.993851 0.760728
vt 0.982973 0.760728
vt 0.993251 0.766793
vt 0.972996 0.766793
vt 0.972996 0.773544
vt 0.993251 0.773544
vt 0.993851 0.767105
vt 0.982973 0.767658
vt 0.982421 0.760272
vt 0.983526 0.772833
vt 0.977149 0.772833
vt 0.977149 0.760272
vt 0.981142 0.766793
vt 0.972095 0.766000
vt 0.972095 0.760728
vt 0.972095 0.767105
vt 0.668579 0.076198
vt 0.665531 0.078446
vt 0.661763 0.078446
vt 0.658715 0.076198
vt 0.638006 0.076198
vt 0.634958 0.078446
vt 0.631190 0.078446
vt 0.628142 0.076198
vt 0.496830 0.471424
vt 0.496830 0.482171
vt 0.514807 0.482171
vt 0.514807 0.464195
vt 0.496830 0.464195
vt 0.496830 0.456570
vt 0.403640 0.054413
vt 0.406031 0.052650
vt 0.408986 0.052650
vt 0.411377 0.054413
vt 0.975852 0.708101
vt 0.981013 0.715205
vt 0.981013 0.723986
vt 0.975852 0.731090
vt 0.967501 0.733803
vt 0.959150 0.731089
vt 0.953989 0.723986
vt 0.953989 0.715205
vt 0.959150 0.708101
vt 0.967501 0.705388
vt 0.936887 0.750443
vt 0.947091 0.750443
vt 0.947091 0.744320
vt 0.936887 0.744320
vt 0.936887 0.695338
vt 0.947091 0.695338
vt 0.947091 0.689215
vt 0.936887 0.689215
vt 0.936887 0.701461
vt 0.947091 0.701461
vt 0.936887 0.707583
vt 0.947091 0.707583
vt 0.936887 0.713706
vt 0.947091 0.713706
vt 0.936887 0.719829
vt 0.947091 0.719829
vt 0.936887 0.725952
vt 0.947091 0.725952
vt 0.936887 0.732074
vt 0.947091 0.732074
vt 0.936887 0.738197
vt 0.947091 0.738197
vt 0.957296 0.750443
vt 0.957296 0.744320
vt 0.957296 0.695338
vt 0.957296 0.689215
vt 0.957296 0.701461
vt 0.957296 0.707583
vt 0.957296 0.713706
vt 0.957296 0.719829
vt 0.957296 0.725952
vt 0.957296 0.732074
vt 0.957296 0.738197
vt 0.967500 0.750443
vt 0.967500 0.744320
vt 0.967500 0.695338
vt 0.967500 0.689215
vt 0.967500 0.701461
vt 0.967500 0.707583
vt 0.967500 0.713706
vt 0.967500 0.719829
vt 0.967500 0.725952
vt 0.967500 0.732074
vt 0.967500 0.738197
vt 0.977705 0.750443
vt 0.977705 0.744320
vt 0.977705 0.695338
vt 0.977705 0.689215
vt 0.977705 0.701461
vt 0.977705 0.707583
vt 0.977705 0.713706
vt 0.977705 0.719829
vt 0.977705 0.725952
vt 0.977705 0.732074
vt 0.977705 0.738197
vt 0.987909 0.750443
vt 0.987909 0.744320
vt 0.987909 0.695338
vt 0.987909 0.689215
vt 0.987909 0.701461
vt 0.987909 0.707583
vt 0.987909 0.713706
vt 0.987909 0.719829
vt 0.987909 0.725952
vt 0.987909 0.732074
vt 0.987909 0.738197
vt 0.995031 0.750443
vt 0.994494 0.744320
vt 0.995322 0.695338
vt 0.995031 0.689215
vt 0.995322 0.701461
vt 0.995031 0.707583
vt 0.994494 0.713706
vt 0.993856 0.719829
vt 0.993399 0.725952
vt 0.993399 0.732074
vt 0.993856 0.738197
vt 0.995467 0.750443
vt 0.994981 0.744320
vt 0.995731 0.695338
vt 0.995467 0.689215
vt 0.995731 0.701461
vt 0.995467 0.707583
vt 0.994981 0.713706
vt 0.994404 0.719829
vt 0.993989 0.725952
vt 0.993989 0.732074
vt 0.994404 0.738197
s 0
usemtl building
f 1/1/1 2/2/1 6/3/1 5/4/1 4/5/1 3/6/1
f 130/7/2 129/8/2 127/9/2 128/10/2
f 194/7/2 193/8/2 191/9/2 192/10/2
f 207/11/1 196/12/1 200/13/1 199/14/1 198/15/1 197/16/1 195/17/1 202/18/1 206/19/1 205/20/1 204/21/1 203/22/1 201/23/1 214/24/1 218/25/1 217/26/1 216/27/1 215/28/1 213/29/1 208/30/1 212/31/1 211/32/1 210/33/1 209/34/1
f 195/35/3 497/36/3 494/37/3 202/38/3
f 201/39/4 203/40/4 514/41/4 515/42/4
f 203/40/5 204/43/5 492/44/5 514/41/5
f 204/43/6 205/45/6 491/46/6 492/44/6
f 205/45/7 206/47/7 493/48/7 491/46/7
f 206/47/8 202/38/8 494/37/8 493/48/8
f 207/49/9 209/50/9 508/51/9 503/52/9
f 209/50/10 210/53/10 507/54/10 508/51/10
f 210/53/11 211/55/11 502/56/11 507/54/11
f 211/55/12 212/57/12 513/58/12 502/56/12
f 212/57/13 208/59/13 512/60/13 513/58/13
f 231/61/3 589/62/3 588/63/3 238/64/3
f 237/65/14 593/66/14 594/67/14 226/68/14
f 219/69/1 232/70/1 236/71/1 235/72/1 234/73/1 233/74/1 231/75/1 238/76/1 242/77/1 241/78/1 240/79/1 239/80/1 237/81/1 226/82/1 230/83/1 229/84/1 228/85/1 227/86/1 225/87/1 220/88/1 224/89/1 223/90/1 222/91/1 221/92/1
f 219/93/9 221/94/9 604/95/9 601/96/9
f 221/94/10 222/97/10 605/98/10 604/95/10
f 222/97/11 223/99/11 607/100/11 605/98/11
f 223/99/12 224/101/12 610/102/12 607/100/12
f 224/101/13 220/103/13 609/104/13 610/102/13
f 237/65/4 239/105/4 595/106/4 593/66/4
f 239/105/5 240/107/5 596/108/5 595/106/5
f 240/107/6 241/109/6 597/110/6 596/108/6
f 241/109/7 242/111/7 590/112/7 597/110/7
f 242/111/15 238/64/15 588/63/15 590/112/15
f 219/93/2 601/96/2 599/113/2 232/114/2
f 255/115/3 564/116/3 565/117/3 262/118/3
f 261/119/14 570/120/14 568/121/14 250/122/14
f 243/123/1 256/124/1 260/125/1 259/126/1 258/127/1 257/128/1 255/129/1 262/130/1 266/131/1 265/132/1 264/133/1 263/134/1 261/135/1 250/136/1 254/137/1 253/138/1 252/139/1 251/140/1 249/141/1 244/142/1 248/143/1 247/144/1 246/145/1 245/146/1
f 243/147/9 245/148/9 582/149/9 581/150/9
f 245/148/10 246/151/10 576/152/10 582/149/10
f 246/151/16 247/153/16 578/154/16 576/152/16
f 247/153/12 248/155/12 586/156/12 578/154/12
f 248/155/13 244/157/13 585/158/13 586/156/13
f 261/119/17 263/159/17 571/160/17 570/120/17
f 263/159/5 264/161/5 572/162/5 571/160/5
f 264/161/6 265/163/6 574/164/6 572/162/6
f 265/163/18 266/165/18 567/166/18 574/164/18
f 266/165/15 262/118/15 565/117/15 567/166/15
f 243/147/2 581/150/2 583/167/2 256/168/2
f 279/81/19 268/82/19 272/83/19 271/84/19 270/85/19 269/86/19 267/87/19 274/88/19 278/89/19 277/90/19 276/91/19 275/92/19 273/69/19 286/70/19 290/71/19 289/72/19 288/73/19 287/74/19 285/75/19 280/76/19 284/77/19 283/78/19 282/79/19 281/80/19
f 267/169/20 557/170/20 561/171/20 274/172/20
f 273/173/21 275/174/21 551/175/21 550/176/21
f 275/174/22 276/177/22 559/178/22 551/175/22
f 276/177/23 277/179/23 563/180/23 559/178/23
f 277/179/24 278/181/24 560/182/24 563/180/24
f 278/181/25 274/172/25 561/171/25 560/182/25
f 279/183/26 281/184/26 549/185/26 558/186/26
f 281/184/27 282/187/27 548/188/27 549/185/27
f 282/187/28 283/189/28 546/190/28 548/188/28
f 283/189/29 284/191/29 543/192/29 546/190/29
f 284/191/30 280/193/30 544/104/30 543/192/30
f 303/69/19 292/70/19 296/71/19 295/72/19 294/73/19 293/74/19 291/75/19 298/76/19 302/77/19 301/78/19 300/79/19 299/80/19 297/81/19 310/82/19 314/83/19 313/84/19 312/85/19 311/86/19 309/87/19 304/88/19 308/89/19 307/90/19 306/91/19 305/92/19
f 291/194/20 542/170/20 540/195/20 298/196/20
f 297/197/31 299/198/31 519/199/31 518/200/31
f 299/198/22 300/201/22 522/202/22 519/199/22
f 300/201/23 301/203/23 535/204/23 522/202/23
f 301/203/32 302/205/32 539/206/32 535/204/32
f 302/205/33 298/196/33 540/195/33 539/206/33
f 303/207/26 305/208/26 529/209/26 530/210/26
f 305/208/27 306/211/27 528/212/27 529/209/27
f 306/211/28 307/213/28 527/214/28 528/212/28
f 307/213/34 308/215/34 499/216/34 527/214/34
f 308/215/35 304/217/35 526/218/35 499/216/35
f 327/219/1 480/170/1 476/220/1 334/221/1
f 333/222/14 472/223/14 468/224/14 322/225/14
f 315/81/20 328/82/20 332/83/20 331/84/20 330/85/20 329/86/20 327/87/20 334/88/20 338/89/20 337/90/20 336/91/20 335/92/20 333/69/20 322/70/20 326/71/20 325/72/20 324/73/20 323/74/20 321/75/20 316/76/20 320/77/20 319/78/20 318/79/20 317/80/20
f 315/226/36 317/227/36 488/228/36 489/229/36
f 317/227/37 318/230/37 486/231/37 488/228/37
f 318/230/38 319/232/38 483/233/38 486/231/38
f 319/232/39 320/234/39 481/235/39 483/233/39
f 320/234/40 316/236/40 479/237/40 481/235/40
f 333/222/41 335/238/41 467/239/41 472/223/41
f 335/238/42 336/240/42 470/241/42 467/239/42
f 336/240/43 337/242/43 473/243/43 470/241/43
f 337/242/44 338/244/44 477/245/44 473/243/44
f 338/244/45 334/221/45 476/220/45 477/245/45
f 315/226/2 489/229/2 490/246/2 328/247/2
f 351/69/3 340/70/3 344/71/3 343/72/3 342/73/3 341/74/3 339/75/3 346/76/3 350/77/3 349/78/3 348/79/3 347/80/3 345/81/3 358/82/3 362/83/3 361/84/3 360/85/3 359/86/3 357/87/3 352/88/3 356/89/3 355/90/3 354/91/3 353/92/3
f 339/248/19 625/170/19 621/249/19 346/250/19
f 345/251/46 347/252/46 623/253/46 624/254/46
f 347/252/47 348/255/47 614/256/47 623/253/47
f 348/255/48 349/257/48 612/258/48 614/256/48
f 349/257/49 350/259/49 613/260/49 612/258/49
f 350/259/50 346/250/50 621/249/50 613/260/50
f 351/261/51 353/262/51 634/263/51 622/264/51
f 353/262/52 354/265/52 635/266/52 634/263/52
f 354/265/53 355/267/53 633/268/53 635/266/53
f 355/267/54 356/269/54 632/270/54 633/268/54
f 356/269/55 352/271/55 630/272/55 632/270/55
f 363/273/56 364/274/56 366/275/56 365/276/56 723/277/56 724/278/56 715/279/56 718/280/56 721/281/56 722/282/56
f 365/283/57 366/284/57 561/285/57 557/286/57 562/287/57 553/288/57 552/289/57 554/290/57 555/291/57 558/292/57 549/293/57 548/294/57 546/295/57 543/296/57 544/297/57 542/298/57 545/299/57 547/300/57 531/301/57 532/302/57 533/303/57 530/304/57 529/305/57 528/306/57 527/307/57 499/308/57 526/309/57 370/310/57 369/311/57
f 369/276/58 370/275/58 476/312/58 480/313/58 484/314/58 482/315/58 485/316/58 487/317/58 490/318/58 489/319/58 488/320/58 486/321/58 483/322/58 481/323/58 479/324/58 368/274/58 367/273/58
f 367/311/59 701/325/59 702/326/59 703/327/59 705/328/59 497/329/59 498/330/59 495/331/59 496/332/59 510/333/59 516/334/59 503/335/59 508/336/59 507/337/59 502/338/59 513/339/59 512/340/59 511/341/59 363/283/59
f 365/342/14 369/343/14 367/344/14 363/345/14
f 370/346/2 366/347/2 364/348/2 368/349/2
f 371/350/60 372/351/60 621/352/60 625/353/60 626/354/60 616/355/60 617/356/60 618/357/60 627/358/60 622/359/60 634/360/60 635/361/60 633/362/60 632/363/60 630/364/60 374/365/60 373/366/60
f 373/367/61 743/368/61 744/369/61 740/370/61 739/371/61 738/372/61 737/373/61 733/374/61 734/375/61 731/376/61 730/377/61 725/378/61 726/379/61 377/380/61
f 377/366/62 378/365/62 376/351/62 375/350/62
f 375/380/63 376/381/63 565/382/63 564/383/63 566/384/63 577/385/63 580/386/63 579/387/63 583/388/63 581/389/63 582/390/63 576/391/63 578/392/63 586/393/63 585/394/63 589/395/63 591/396/63 592/397/63 598/398/63 600/399/63 599/400/63 601/401/63 604/402/63 605/403/63 607/404/63 610/405/63 609/406/63 372/407/63 371/367/63
f 373/408/14 377/409/14 375/410/14 371/411/14
f 378/412/2 374/413/2 372/414/2 376/415/2
f 379/416/14 380/417/14 382/418/14 381/419/14
f 386/416/2 385/419/2 384/418/2 383/417/2
f 380/420/20 379/421/20 386/422/20 383/423/20
f 379/424/19 381/425/19 385/426/19 386/427/19
f 381/421/3 382/420/3 384/423/3 385/422/3
f 382/425/1 380/424/1 383/427/1 384/426/1
f 390/428/14 387/429/14 388/430/14 389/431/14
f 394/428/2 393/431/2 392/430/2 391/429/2
f 389/432/3 388/433/3 392/434/3 393/435/3
f 388/436/1 387/437/1 391/438/1 392/439/1
f 387/433/20 390/432/20 394/435/20 391/434/20
f 390/437/19 389/436/19 393/439/19 394/438/19
f 398/440/14 395/441/14 396/442/14 397/443/14
f 402/440/2 708/444/2 709/445/2 710/446/2 401/443/2 400/442/2 399/441/2
f 395/447/20 398/448/20 402/449/20 399/450/20
f 398/451/19 397/452/19 401/453/19 402/454/19
f 397/448/3 396/447/3 400/450/3 401/449/3
f 396/452/1 395/451/1 399/454/1 400/453/1
f 405/455/64 403/456/64 404/457/64 406/458/64
f 404/459/2 409/460/2 408/461/2 406/462/2
f 403/463/65 410/464/65 409/465/65 404/466/65
f 406/466/66 408/465/66 407/464/66 405/463/66
f 405/467/14 407/468/14 410/469/14 403/470/14
f 407/455/59 408/458/59 409/457/59 410/456/59
f 414/471/67 413/472/67 411/473/67 412/474/67
f 412/475/68 411/472/68 418/473/68 417/476/68
f 417/474/69 418/473/69 416/472/69 415/471/69
f 415/476/70 416/473/70 413/472/70 414/475/70
f 412/477/14 417/478/14 415/479/14 414/480/14
f 418/473/2 411/472/2 413/481/2 416/482/2
f 419/483/3 420/484/3 422/485/3 421/486/3
f 421/487/19 422/488/19 426/489/19 425/490/19
f 425/486/20 426/485/20 424/484/20 423/483/20
f 423/490/1 424/489/1 420/488/1 419/487/1
f 421/488/14 425/489/14 423/490/14 419/487/14
f 426/489/2 422/488/2 420/487/2 424/490/2
f 427/491/3 428/492/3 430/493/3 429/494/3
f 429/495/19 430/496/19 434/497/19 433/498/19
f 433/494/20 434/493/20 432/492/20 431/491/20
f 431/498/1 432/497/1 428/496/1 427/495/1
f 429/496/14 433/497/14 431/498/14 427/495/14
f 434/497/2 430/496/2 428/495/2 432/498/2
f 435/499/3 436/500/3 438/501/3 437/502/3
f 437/503/19 438/504/19 442/505/19 441/506/19
f 441/502/20 442/501/20 440/500/20 439/499/20
f 439/506/1 440/505/1 436/504/1 435/503/1
f 437/504/14 441/505/14 439/506/14 435/503/14
f 442/505/2 438/504/2 436/503/2 440/506/2
f 443/507/3 444/508/3 446/509/3 445/510/3
f 445/511/19 446/512/19 450/513/19 449/514/19
f 449/510/20 450/509/20 448/508/20 447/507/20
f 447/514/1 448/513/1 444/512/1 443/511/1
f 445/512/14 449/513/14 447/514/14 443/511/14
f 450/513/2 446/512/2 444/511/2 448/514/2
f 451/515/3 452/516/3 454/517/3 453/518/3
f 453/519/19 454/520/19 458/521/19 457/522/19
f 457/518/20 458/517/20 456/516/20 455/515/20
f 455/522/1 456/521/1 452/520/1 451/519/1
f 453/520/14 457/521/14 455/522/14 451/519/14
f 458/521/2 454/520/2 452/519/2 456/522/2
f 462/523/14 461/524/14 459/525/14 460/526/14
f 465/523/2 464/526/2 463/525/2 466/524/2
f 460/527/3 459/528/3 463/529/3 464/530/3
f 459/531/1 461/532/1 466/533/1 463/534/1
f 462/532/19 460/531/19 464/534/19 465/533/19
f 461/528/20 462/527/20 465/530/20 466/529/20
f 556/535/14 286/536/14 273/173/14 550/176/14
f 592/537/28 234/538/28 235/539/28 598/540/28
f 544/104/3 280/193/3 285/541/3 541/542/3
f 501/543/25 213/544/25 215/545/25 506/546/25
f 552/547/71 271/548/71 272/549/71 554/550/71
f 516/551/2 196/552/2 207/49/2 503/52/2
f 524/553/72 309/554/72 311/555/72 523/556/72
f 577/557/73 258/558/73 259/559/73 580/560/73
f 616/561/38 342/562/38 343/563/38 617/564/38
f 630/272/1 352/271/1 357/565/1 631/566/1
f 504/567/22 217/568/22 218/569/22 500/570/22
f 510/571/26 200/572/26 196/552/26 516/551/26
f 372/407/63 609/406/63 611/573/63 608/574/63 606/575/63 603/576/63 602/577/63 594/578/63 593/579/63 595/580/63 596/581/63 597/582/63 590/583/63 588/584/63 589/395/63 585/394/63 587/585/63 584/586/63 575/587/63 573/588/63 569/589/63 568/590/63 570/591/63 571/592/63 572/593/63 574/594/63 567/595/63 565/382/63 376/381/63
f 584/596/24 251/597/24 252/598/24 575/599/24
f 611/542/74 225/600/74 227/601/74 608/602/74
f 617/564/37 343/563/37 344/603/37 618/604/37
f 625/170/40 339/248/40 341/605/40 626/606/40
f 469/607/75 326/608/75 322/225/75 468/224/75
f 506/546/32 215/545/32 216/609/32 505/610/32
f 487/611/51 332/612/51 328/247/51 490/246/51
f 557/170/13 267/169/13 269/613/13 562/614/13
f 505/610/23 216/609/23 217/568/23 504/567/23
f 619/615/76 362/616/76 358/617/76 628/618/76
f 533/619/2 292/620/2 303/207/2 530/210/2
f 627/621/2 340/622/2 351/261/2 622/264/2
f 520/623/14 310/624/14 297/197/14 518/200/14
f 475/625/49 323/626/49 324/627/49 474/628/49
f 480/170/55 327/219/55 329/629/55 484/630/55
f 575/599/23 252/598/23 253/631/23 573/632/23
f 555/633/2 268/634/2 279/183/2 558/186/2
f 606/635/23 228/636/23 229/637/23 603/638/23
f 509/639/14 214/640/14 201/39/14 515/42/14
f 482/641/53 330/642/53 331/643/53 485/644/53
f 512/60/20 208/59/20 213/544/20 501/543/20 511/645/20
f 485/644/52 331/643/52 332/612/52 487/611/52
f 374/365/60 630/364/60 631/646/60 629/647/60 620/648/60 615/649/60 619/650/60 628/651/60 624/652/60 623/653/60 614/654/60 612/655/60 613/656/60 621/352/60 372/351/60
f 591/657/77 233/658/77 234/538/77 592/537/77
f 602/659/31 230/660/31 226/68/31 594/67/31
f 537/661/78 289/662/78 290/663/78 534/664/78
f 496/665/27 199/666/27 200/572/27 510/571/27
f 538/667/7 287/668/7 288/669/7 536/670/7
f 545/671/12 293/672/12 294/673/12 547/557/12
f 517/674/4 314/675/4 310/624/4 520/623/4
f 525/676/6 312/677/6 313/678/6 521/679/6
f 478/680/50 321/681/50 323/626/50 475/625/50
f 589/62/79 231/61/79 233/658/79 591/657/79
f 547/557/11 294/673/11 295/682/11 531/683/11
f 585/158/20 244/157/20 249/684/20 587/685/20
f 562/614/80 269/613/80 270/686/80 553/687/80
f 363/283/59 511/341/59 501/688/59 506/689/59 505/690/59 504/691/59 500/692/59 509/693/59 515/694/59 514/695/59 492/696/59 491/697/59 493/698/59 494/699/59 368/310/59 364/284/59
f 532/700/9 296/701/9 292/620/9 533/619/9
f 566/702/34 257/703/34 258/558/34 577/557/34
f 495/704/28 198/705/28 199/666/28 496/665/28
f 479/237/19 316/236/19 321/681/19 478/680/19
f 471/706/47 325/707/47 326/608/47 469/607/47
f 541/542/8 285/541/8 287/668/8 538/667/8
f 564/116/79 255/115/79 257/703/79 566/702/79
f 542/170/81 291/194/81 293/672/81 545/671/81
f 521/679/5 313/678/5 314/675/5 517/674/5
f 626/606/39 341/605/39 342/562/39 616/561/39
f 609/104/20 220/103/20 225/600/20 611/542/20
f 497/36/79 195/35/79 197/708/79 498/709/79
f 600/710/26 236/711/26 232/114/26 599/113/26
f 615/712/42 361/713/42 362/616/42 619/615/42
f 608/602/32 227/601/32 228/636/32 606/635/32
f 598/540/27 235/539/27 236/711/27 600/710/27
f 579/714/26 260/715/26 256/168/26 583/167/26
f 531/683/71 295/682/71 296/701/71 532/700/71
f 523/556/7 311/555/7 312/677/7 525/676/7
f 534/664/17 290/663/17 286/536/17 556/535/17
f 628/618/14 358/617/14 345/251/14 624/254/14
f 618/604/36 344/603/36 340/622/36 627/621/36
f 569/716/21 254/717/21 250/122/21 568/121/21
f 603/638/22 229/637/22 230/660/22 602/659/22
f 526/218/3 304/217/3 309/554/3 524/553/3
f 536/670/82 288/669/82 289/662/82 537/661/82
f 500/570/21 218/569/21 214/640/21 509/639/21
f 484/630/54 329/629/54 330/642/54 482/641/54
f 368/274/58 479/324/58 478/718/58 475/719/58 474/720/58 471/721/58 469/722/58 468/723/58 472/724/58 467/725/58 470/726/58 473/727/58 477/728/58 476/312/58 370/275/58
f 580/560/27 259/559/27 260/715/27 579/714/27
f 498/709/34 197/708/34 198/705/34 495/704/34
f 370/310/57 526/309/57 524/729/57 523/730/57 525/731/57 521/732/57 517/733/57 520/734/57 518/735/57 519/736/57 522/737/57 535/738/57 539/739/57 540/740/57 542/298/57 544/297/57 541/741/57 538/742/57 536/743/57 537/744/57 534/745/57 556/746/57 550/747/57 551/748/57 559/749/57 563/750/57 560/751/57 561/285/57 366/284/57
f 631/566/45 357/565/45 359/752/45 629/753/45
f 587/685/33 249/684/33 251/597/33 584/596/33
f 620/754/43 360/755/43 361/713/43 615/712/43
f 554/550/9 272/549/9 268/634/9 555/633/9
f 573/632/22 253/631/22 254/717/22 569/716/22
f 629/753/44 359/752/44 360/755/44 620/754/44
f 553/687/83 270/686/83 271/548/83 552/547/83
f 474/628/48 324/627/48 325/707/48 471/706/48
f 636/756/84 637/757/84 639/758/84 638/759/84
f 638/759/85 639/758/85 643/760/85 642/761/85
f 642/761/86 643/760/86 641/762/86 640/763/86
f 640/763/87 641/762/87 637/764/87 636/765/87
f 638/766/88 642/761/88 640/763/88 636/767/88
f 643/760/89 639/768/89 637/769/89 641/762/89
f 644/756/90 645/757/90 647/758/90 646/759/90
f 646/759/91 647/758/91 651/760/91 650/761/91
f 650/761/92 651/760/92 649/762/92 648/763/92
f 648/763/93 649/762/93 645/764/93 644/765/93
f 646/766/94 650/761/94 648/763/94 644/767/94
f 651/760/95 647/768/95 645/769/95 649/762/95
f 652/756/96 653/757/96 655/758/96 654/759/96
f 654/759/97 655/758/97 659/760/97 658/761/97
f 658/761/98 659/760/98 657/762/98 656/763/98
f 656/763/99 657/762/99 653/764/99 652/765/99
f 654/766/100 658/761/100 656/763/100 652/767/100
f 659/760/101 655/768/101 653/769/101 657/762/101
f 660/756/102 661/757/102 663/758/102 662/759/102
f 662/759/103 663/758/103 667/760/103 666/761/103
f 666/761/104 667/760/104 665/762/104 664/763/104
f 664/763/105 665/762/105 661/764/105 660/765/105
f 662/766/106 666/761/106 664/763/106 660/767/106
f 667/760/107 663/768/107 661/769/107 665/762/107
f 668/756/108 669/757/108 671/758/108 670/759/108
f 670/759/109 671/758/109 675/760/109 674/761/109
f 674/761/110 675/760/110 673/762/110 672/763/110
f 672/763/111 673/762/111 669/764/111 668/765/111
f 670/766/112 674/761/112 672/763/112 668/767/112
f 675/760/113 671/768/113 669/769/113 673/762/113
f 676/756/114 677/757/114 679/758/114 678/759/114
f 678/759/115 679/758/115 683/760/115 682/761/115
f 682/761/116 683/760/116 681/762/116 680/763/116
f 680/763/117 681/762/117 677/764/117 676/765/117
f 678/766/118 682/761/118 680/763/118 676/767/118
f 683/760/119 679/768/119 677/769/119 681/762/119
f 684/756/96 685/757/96 687/758/96 686/759/96
f 686/759/97 687/758/97 691/760/97 690/761/97
f 690/761/98 691/760/98 689/762/98 688/763/98
f 688/763/99 689/762/99 685/764/99 684/765/99
f 686/766/100 690/761/100 688/763/100 684/767/100
f 691/760/101 687/768/101 685/769/101 689/762/101
f 692/756/120 693/757/120 695/758/120 694/759/120
f 694/759/121 695/758/121 699/760/121 698/761/121
f 698/761/122 699/760/122 697/762/122 696/763/122
f 696/763/123 697/762/123 693/764/123 692/765/123
f 694/766/124 698/761/124 696/763/124 692/767/124
f 699/760/125 695/768/125 693/769/125 697/762/125
f 497/329/59 705/328/59 704/770/59 700/771/59 701/325/59 367/311/59 368/310/59 494/699/59
f 703/772/126 702/773/126 3/774/126 4/775/126
f 708/776/19 714/777/19 130/778/19 128/779/19
f 701/780/127 700/781/127 2/775/127 1/774/127
f 702/782/20 701/783/20 1/784/20 3/785/20
f 709/777/20 708/776/20 128/779/20 127/778/20
f 711/776/19 712/777/19 194/778/19 192/779/19
f 712/776/3 713/786/3 707/777/3 193/778/3 194/779/3
f 705/787/128 703/772/128 4/775/128 5/788/128
f 707/777/1 706/776/1 191/779/1 193/778/1
f 700/781/129 704/789/129 6/788/129 2/775/129
f 714/776/3 710/777/3 129/778/3 130/779/3
f 377/380/61 726/379/61 728/790/61 727/791/61 729/792/61 732/793/61 733/374/61 737/373/61 735/794/61 736/795/61 742/796/61 741/797/61 743/368/61 373/367/61 374/407/61 378/381/61
f 401/443/2 713/798/2 712/799/2 711/800/2 402/440/2
f 711/800/2 706/801/2 707/802/2 713/798/2 401/443/2 710/446/2 714/803/2 708/444/2 402/440/2
f 720/804/56 719/805/56 717/806/56 716/807/56 723/277/56 365/276/56 363/273/56 722/282/56
f 704/783/3 705/782/3 5/785/3 6/784/3
f 706/777/20 711/776/20 192/779/20 191/778/20
f 710/777/1 709/776/1 127/779/1 129/778/1
s 1
f 16/808/130 15/809/131 14/810/132 13/811/133 12/812/134 11/813/135 10/814/136 9/815/137 8/816/138 7/817/139
f 7/818/139 17/819/140 26/820/141 16/821/130
f 8/822/138 18/823/142 17/824/140 7/825/139
f 9/826/137 19/827/143 18/823/142 8/822/138
f 10/828/136 20/829/144 19/827/143 9/826/137
f 11/830/135 21/831/145 20/829/144 10/828/136
f 12/832/134 22/833/146 21/831/145 11/830/135
f 13/834/133 23/835/147 22/833/146 12/832/134
f 14/836/132 24/837/148 23/835/147 13/834/133
f 15/838/131 25/839/149 24/837/148 14/836/132
f 16/821/130 26/820/141 25/839/149 15/838/131
f 17/819/140 27/840/150 36/841/151 26/820/141
f 18/823/142 28/842/152 27/843/150 17/824/140
f 19/827/143 29/844/153 28/842/152 18/823/142
f 20/829/144 30/845/154 29/844/153 19/827/143
f 21/831/145 31/846/155 30/845/154 20/829/144
f 22/833/146 32/847/156 31/846/155 21/831/145
f 23/835/147 33/848/157 32/847/156 22/833/146
f 24/837/148 34/849/158 33/848/157 23/835/147
f 25/839/149 35/850/159 34/849/158 24/837/148
f 26/820/141 36/841/151 35/850/159 25/839/149
f 27/840/150 37/851/160 46/852/161 36/841/151
f 28/842/152 38/853/162 37/854/160 27/843/150
f 29/844/153 39/855/163 38/853/162 28/842/152
f 30/845/154 40/856/164 39/855/163 29/844/153
f 31/846/155 41/857/165 40/856/164 30/845/154
f 32/847/156 42/858/166 41/857/165 31/846/155
f 33/848/157 43/859/167 42/858/166 32/847/156
f 34/849/158 44/860/168 43/859/167 33/848/157
f 35/850/159 45/861/169 44/860/168 34/849/158
f 36/841/151 46/852/161 45/861/169 35/850/159
f 37/851/160 47/862/170 56/863/171 46/852/161
f 38/853/162 48/864/172 47/865/170 37/854/160
f 39/855/163 49/866/173 48/864/172 38/853/162
f 40/856/164 50/867/174 49/866/173 39/855/163
f 41/857/165 51/868/175 50/867/174 40/856/164
f 42/858/166 52/869/176 51/868/175 41/857/165
f 43/859/167 53/870/177 52/869/176 42/858/166
f 44/860/168 54/871/178 53/870/177 43/859/167
f 45/861/169 55/872/179 54/871/178 44/860/168
f 46/852/161 56/863/171 55/872/179 45/861/169
f 47/862/170 57/873/180 66/874/181 56/863/171
f 48/864/172 58/875/182 57/876/180 47/865/170
f 49/866/173 59/877/183 58/875/182 48/864/172
f 50/867/174 60/878/184 59/877/183 49/866/173
f 51/868/175 61/879/185 60/878/184 50/867/174
f 52/869/176 62/880/186 61/879/185 51/868/175
f 53/870/177 63/881/187 62/880/186 52/869/176
f 54/871/178 64/882/188 63/881/187 53/870/177
f 55/872/179 65/883/189 64/882/188 54/871/178
f 56/863/171 66/874/181 65/883/189 55/872/179
f 57/873/180 728/884/190 726/885/191 66/874/181
f 58/875/182 727/886/192 728/887/190 57/876/180
f 59/877/183 729/888/193 727/886/192 58/875/182
f 60/878/184 732/889/194 729/888/193 59/877/183
f 61/879/185 733/890/195 732/889/194 60/878/184
f 62/880/186 734/891/196 733/890/195 61/879/185
f 63/881/187 731/892/197 734/891/196 62/880/186
f 64/882/188 730/893/198 731/892/197 63/881/187
f 65/883/189 725/894/199 730/893/198 64/882/188
f 66/874/181 726/885/191 725/894/199 65/883/189
f 76/808/200 75/809/201 74/810/132 73/811/133 72/812/202 71/813/135 70/814/136 69/815/137 68/816/138 67/817/139
f 67/818/139 77/819/203 86/820/141 76/821/200
f 68/822/138 78/823/142 77/824/203 67/825/139
f 69/826/137 79/827/143 78/823/142 68/822/138
f 70/828/136 80/829/204 79/827/143 69/826/137
f 71/830/135 81/831/145 80/829/204 70/828/136
f 72/832/202 82/833/205 81/831/145 71/830/135
f 73/834/133 83/835/147 82/833/205 72/832/202
f 74/836/132 84/837/148 83/835/147 73/834/133
f 75/838/201 85/839/206 84/837/148 74/836/132
f 76/821/200 86/820/141 85/839/206 75/838/201
f 77/819/203 87/840/150 96/841/207 86/820/141
f 78/823/142 88/842/152 87/843/150 77/824/203
f 79/827/143 89/844/153 88/842/152 78/823/142
f 80/829/204 90/845/154 89/844/153 79/827/143
f 81/831/145 91/846/155 90/845/154 80/829/204
f 82/833/205 92/847/156 91/846/155 81/831/145
f 83/835/147 93/848/157 92/847/156 82/833/205
f 84/837/148 94/849/158 93/848/157 83/835/147
f 85/839/206 95/850/159 94/849/158 84/837/148
f 86/820/141 96/841/207 95/850/159 85/839/206
f 87/840/150 97/851/208 106/852/161 96/841/207
f 88/842/152 98/853/162 97/854/208 87/843/150
f 89/844/153 99/855/209 98/853/162 88/842/152
f 90/845/154 100/856/210 99/855/209 89/844/153
f 91/846/155 101/857/165 100/856/210 90/845/154
f 92/847/156 102/858/211 101/857/165 91/846/155
f 93/848/157 103/859/212 102/858/211 92/847/156
f 94/849/158 104/860/168 103/859/212 93/848/157
f 95/850/159 105/861/213 104/860/168 94/849/158
f 96/841/207 106/852/161 105/861/213 95/850/159
f 97/851/208 107/862/214 116/863/171 106/852/161
f 98/853/162 108/864/172 107/865/214 97/854/208
f 99/855/209 109/866/215 108/864/172 98/853/162
f 100/856/210 110/867/216 109/866/215 99/855/209
f 101/857/165 111/868/175 110/867/216 100/856/210
f 102/858/211 112/869/176 111/868/175 101/857/165
f 103/859/212 113/870/217 112/869/176 102/858/211
f 104/860/168 114/871/218 113/870/217 103/859/212
f 105/861/213 115/872/179 114/871/218 104/860/168
f 106/852/161 116/863/171 115/872/179 105/861/213
f 107/862/214 117/873/180 126/874/219 116/863/171
f 108/864/172 118/875/182 117/876/180 107/865/214
f 109/866/215 119/877/183 118/875/182 108/864/172
f 110/867/216 120/878/220 119/877/183 109/866/215
f 111/868/175 121/879/221 120/878/220 110/867/216
f 112/869/176 122/880/222 121/879/221 111/868/175
f 113/870/217 123/881/187 122/880/222 112/869/176
f 114/871/218 124/882/188 123/881/187 113/870/217
f 115/872/179 125/883/189 124/882/188 114/871/218
f 116/863/171 126/874/219 125/883/189 115/872/179
f 117/873/180 735/884/223 737/885/224 126/874/219
f 118/875/182 736/886/225 735/887/223 117/876/180
f 119/877/183 742/888/193 736/886/225 118/875/182
f 120/878/220 741/889/226 742/888/193 119/877/183
f 121/879/221 743/890/195 741/889/226 120/878/220
f 122/880/222 744/891/227 743/890/195 121/879/221
f 123/881/187 740/892/197 744/891/227 122/880/222
f 124/882/188 739/893/198 740/892/197 123/881/187
f 125/883/189 738/894/199 739/893/198 124/882/188
f 126/874/219 737/885/224 738/894/199 125/883/189
f 140/808/228 139/809/229 138/810/230 137/811/231 136/812/232 135/813/233 134/814/234 133/815/235 132/816/236 131/817/237
f 131/818/237 141/819/238 150/820/239 140/821/228
f 132/822/236 142/823/240 141/824/238 131/825/237
f 133/826/235 143/827/241 142/823/240 132/822/236
f 134/828/234 144/829/242 143/827/241 133/826/235
f 135/830/233 145/831/243 144/829/242 134/828/234
f 136/832/232 146/833/244 145/831/243 135/830/233
f 137/834/231 147/835/245 146/833/244 136/832/232
f 138/836/230 148/837/246 147/835/245 137/834/231
f 139/838/229 149/839/247 148/837/246 138/836/230
f 140/821/228 150/820/239 149/839/247 139/838/229
f 141/819/238 151/840/248 160/841/249 150/820/239
f 142/823/240 152/842/250 151/843/248 141/824/238
f 143/827/241 153/844/251 152/842/250 142/823/240
f 144/829/242 154/845/252 153/844/251 143/827/241
f 145/831/243 155/846/253 154/845/252 144/829/242
f 146/833/244 156/847/254 155/846/253 145/831/243
f 147/835/245 157/848/255 156/847/254 146/833/244
f 148/837/246 158/849/256 157/848/255 147/835/245
f 149/839/247 159/850/257 158/849/256 148/837/246
f 150/820/239 160/841/249 159/850/257 149/839/247
f 151/840/248 161/851/258 170/852/259 160/841/249
f 152/842/250 162/853/260 161/854/258 151/843/248
f 153/844/251 163/855/261 162/853/260 152/842/250
f 154/845/252 164/856/262 163/855/261 153/844/251
f 155/846/253 165/857/263 164/856/262 154/845/252
f 156/847/254 166/858/264 165/857/263 155/846/253
f 157/848/255 167/859/265 166/858/264 156/847/254
f 158/849/256 168/860/266 167/859/265 157/848/255
f 159/850/257 169/861/267 168/860/266 158/849/256
f 160/841/249 170/852/259 169/861/267 159/850/257
f 161/851/258 171/862/268 180/863/269 170/852/259
f 162/853/260 172/864/270 171/865/268 161/854/258
f 163/855/261 173/866/271 172/864/270 162/853/260
f 164/856/262 174/867/272 173/866/271 163/855/261
f 165/857/263 175/868/273 174/867/272 164/856/262
f 166/858/264 176/869/274 175/868/273 165/857/263
f 167/859/265 177/870/275 176/869/274 166/858/264
f 168/860/266 178/871/276 177/870/275 167/859/265
f 169/861/267 179/872/277 178/871/276 168/860/266
f 170/852/259 180/863/269 179/872/277 169/861/267
f 171/862/268 181/873/278 190/874/279 180/863/269
f 172/864/270 182/875/280 181/876/278 171/865/268
f 173/866/271 183/877/281 182/875/280 172/864/270
f 174/867/272 184/878/282 183/877/281 173/866/271
f 175/868/273 185/879/283 184/878/282 174/867/272
f 176/869/274 186/880/284 185/879/283 175/868/273
f 177/870/275 187/881/285 186/880/284 176/869/274
f 178/871/276 188/882/286 187/881/285 177/870/275
f 179/872/277 189/883/287 188/882/286 178/871/276
f 180/863/269 190/874/279 189/883/287 179/872/277
f 181/873/278 724/895/288 723/896/289 190/874/279
f 182/875/280 715/897/290 724/898/288 181/876/278
f 183/877/281 718/899/291 715/897/290 182/875/280
f 184/878/282 721/900/292 718/899/291 183/877/281
f 185/879/283 722/901/293 721/900/292 184/878/282
f 186/880/284 720/902/294 722/901/293 185/879/283
f 187/881/285 719/903/295 720/902/294 186/880/284
f 188/882/286 717/904/296 719/903/295 187/881/285
f 189/883/287 716/905/297 717/904/296 188/882/286
f 190/874/279 723/896/289 716/905/297 189/883/287
